232 206 233 264 1 0.266707 
80 21 96 62 1 0.229980 
0 7 16 60 1 0.208424 
47 4 63 52 1 0.199885 
64 20 80 66 1 0.196460 
0 497 25 512 1 0.188528 
0 479 27 497 1 0.184553 
401 413 452 467 1 0.184018 
82 1 141 30 1 0.182780 
441 3 497 46 1 0.181826 
47 19 63 66 1 0.178222 
4 470 30 512 1 0.177792 
0 481 51 510 1 0.177572 
113 10 164 40 1 0.176839 
467 8 508 52 1 0.176390 
26 0 90 30 1 0.175749 
496 35 512 97 1 0.175350 
472 250 510 314 1 0.175335 
6 432 30 502 1 0.175285 
85 18 139 71 1 0.173096 
472 271 509 332 1 0.173024 
426 3 482 44 1 0.172214 
15 54 39 123 1 0.172177 
178 220 209 289 1 0.172103 
13 483 72 512 1 0.171635 
420 259 471 309 1 0.171530 
6 496 59 512 1 0.171393 
79 56 138 115 1 0.171072 
13 3 72 47 1 0.170517 
468 25 508 89 1 0.170327 
467 12 509 74 1 0.170230 
0 23 14 76 1 0.169747 
481 0 512 47 1 0.169679 
51 5 116 45 1 0.169521 
57 11 116 64 1 0.169475 
44 10 100 60 1 0.169219 
433 1 489 29 1 0.168922 
304 203 349 257 1 0.168779 
71 3 126 35 1 0.168587 
82 31 140 84 1 0.168133 
467 233 511 297 1 0.168104 
3 12 49 65 1 0.168097 
497 243 512 305 1 0.167949 
90 8 150 49 1 0.167947 
8 414 32 492 1 0.167915 
74 6 133 48 1 0.167148 
437 160 486 210 1 0.166509 
274 498 350 511 1 0.165924 
63 2 80 53 1 0.165920 
37 509 56 512 1 0.165633 
26 3 86 45 1 0.165384 
372 355 397 404 1 0.164956 
497 199 512 260 1 0.164935 
4 4 54 48 1 0.164917 
90 70 144 125 1 0.164774 
366 498 452 511 1 0.164648 
30 45 80 94 1 0.164039 
470 439 512 501 1 0.163738 
201 228 227 294 1 0.163648 
32 26 83 75 1 0.163544 
328 361 354 418 1 0.163508 
433 237 484 286 1 0.162892 
396 483 467 512 1 0.162837 
28 480 88 511 1 0.162693 
429 208 481 258 1 0.162091 
397 403 448 448 1 0.161856 
446 12 501 67 1 0.161686 
469 223 506 241 1 0.161648 
44 23 99 75 1 0.161566 
44 0 104 29 1 0.161271 
79 5 97 49 1 0.161265 
33 62 82 116 1 0.160798 
418 229 470 275 1 0.160740 
243 475 312 512 1 0.160297 
485 11 512 67 1 0.159725 
90 223 135 286 1 0.159286 
417 240 469 288 1 0.159085 
111 0 129 26 1 0.158975 
414 0 474 28 1 0.158804 
247 218 288 279 1 0.158708 
60 123 113 186 1 0.158255 
64 0 80 27 1 0.158213 
11 11 67 61 1 0.158136 
225 4 289 43 1 0.158079 
191 187 218 258 1 0.158015 
129 200 169 265 1 0.157942 
327 296 358 354 1 0.157890 
437 352 489 404 1 0.157833 
79 91 132 151 1 0.157404 
497 344 512 414 1 0.157374 
433 255 487 303 1 0.157024 
497 230 512 286 1 0.156882 
102 46 157 108 1 0.156570 
432 225 485 273 1 0.156414 
167 228 205 291 1 0.155993 
62 27 119 81 1 0.155435 
0 445 45 500 1 0.155295 
470 464 505 480 1 0.155268 
0 181 42 250 1 0.155258 
100 105 145 168 1 0.154827 
769 230 769 291 1 0.312640 
589 367 645 417 1 0.188460 
577 106 627 161 1 0.185848 
606 152 658 203 1 0.185169 
513 4 563 43 1 0.184569 
514 0 576 17 1 0.184437 
676 4 743 43 1 0.183837 
813 322 866 371 1 0.183201 
605 50 657 101 1 0.182917 
585 5 644 62 1 0.182199 
995 381 1024 444 1 0.181539 
616 351 671 401 1 0.180672 
574 416 625 468 1 0.180480 
989 460 1022 506 1 0.180245 
959 465 1014 512 1 0.179596 
684 290 727 341 1 0.179491 
522 479 588 512 1 0.179056 
575 349 628 403 1 0.178431 
761 0 823 41 1 0.177853 
548 450 603 503 1 0.177700 
735 246 780 312 1 0.177664 
590 184 630 232 1 0.177578 
1000 496 1024 512 1 0.177369 
986 430 1022 501 1 0.176322 
924 468 988 509 1 0.175669 
750 250 795 308 1 0.175640 
676 269 724 319 1 0.175624 
748 285 795 338 1 0.175609 
962 0 1024 27 1 0.175528 
786 322 840 371 1 0.175168 
591 352 644 405 1 0.174852 
601 124 656 178 1 0.174644 
698 0 762 27 1 0.174339 
549 0 618 26 1 0.173856 
562 81 610 133 1 0.173331 
663 257 709 305 1 0.173122 
571 381 629 431 1 0.172743 
570 92 619 148 1 0.172604 
681 237 732 290 1 0.172423 
892 31 930 54 1 0.172143 
655 48 706 99 1 0.171904 
516 10 541 74 1 0.171719 
790 473 856 509 1 0.171653 
983 315 1023 375 1 0.171460 
544 0 617 15 1 0.171443 
589 123 641 176 1 0.171375 
561 401 616 448 1 0.171045 
638 48 686 100 1 0.170698 
917 11 972 50 1 0.170483 
624 20 640 68 1 0.170340 
878 248 924 311 1 0.170014 
550 0 614 45 1 0.169992 
588 0 654 27 1 0.169731 
993 423 1021 489 1 0.169498 
557 364 615 415 1 0.169438 
907 472 970 509 1 0.169386 
777 478 842 512 1 0.169330 
913 321 962 374 1 0.168872 
649 3 716 42 1 0.168583 
747 231 793 294 1 0.168088 
948 288 996 338 1 0.168008 
572 364 629 416 1 0.167645 
518 8 546 48 1 0.167439 
614 469 677 508 1 0.167144 
573 399 630 448 1 0.167072 
689 10 739 59 1 0.166992 
842 284 895 336 1 0.166943 
561 107 609 161 1 0.166901 
590 329 640 387 1 0.166847 
749 268 796 323 1 0.166785 
802 334 854 385 1 0.166706 
1000 0 1024 16 1 0.166688 
618 49 670 102 1 0.166527 
719 217 767 277 1 0.166498 
691 33 740 84 1 0.166331 
513 18 554 77 1 0.166204 
576 126 628 176 1 0.166181 
654 75 705 130 1 0.166080 
964 302 1015 355 1 0.165756 
869 14 922 54 1 0.165641 
684 250 739 304 1 0.165501 
862 483 922 510 1 0.165305 
605 137 659 190 1 0.165296 
567 0 637 25 1 0.164905 
571 56 623 110 1 0.164875 
993 408 1023 474 1 0.164781 
560 473 622 512 1 0.164628 
937 447 996 502 1 0.164556 
636 140 690 193 1 0.164457 
768 0 851 13 1 0.164448 
850 489 905 512 1 0.164379 
512 1 529 16 1 0.164329 
712 202 764 264 1 0.164304 
577 140 628 188 1 0.164061 
522 20 575 77 1 0.164055 
556 380 614 430 1 0.163869 
640 384 686 435 1 0.163861 
636 64 687 120 1 0.163809 
615 381 670 431 1 0.163794 
570 23 625 80 1 0.163697 
1322 269 1322 337 1 0.285647 
1376 12 1452 43 1 0.207496 
1450 14 1503 47 1 0.196704 
1473 13 1526 49 1 0.188806 
1404 9 1470 45 1 0.185275 
1351 15 1420 47 1 0.184588 
1024 470 1042 508 1 0.182495 
1182 427 1239 488 1 0.180184 
1025 449 1041 510 1 0.180097 
1522 453 1536 512 1 0.179780 
1345 1 1431 14 1 0.177489 
1416 472 1486 511 1 0.176448 
1230 470 1289 509 1 0.176379 
1210 468 1268 509 1 0.174201 
1030 0 1092 14 1 0.173366 
1166 429 1223 487 1 0.172497 
1084 35 1114 58 1 0.171632 
1455 252 1511 306 1 0.170330 
1241 8 1311 44 1 0.170191 
1474 497 1536 512 1 0.170039 
1500 460 1534 506 1 0.169838 
1206 445 1268 503 1 0.168742 
1102 474 1168 511 1 0.168152 
1024 19 1064 83 1 0.166951 
1460 177 1510 230 1 0.166927 
1293 7 1368 46 1 0.166144 
1402 24 1456 42 1 0.166050 
1342 20 1407 54 1 0.165942 
1480 4 1536 44 1 0.164511 
1423 13 1482 48 1 0.163889 
1026 109 1051 177 1 0.163888 
1024 38 1063 103 1 0.163737 
1441 0 1525 13 1 0.163272 
1318 23 1360 80 1 0.162990 
1521 150 1535 215 1 0.162878 
1392 154 1441 210 1 0.162641 
1024 86 1038 153 1 0.162128 
1024 497 1049 512 1 0.161163 
1024 2 1045 15 1 0.161015 
1160 477 1234 512 1 0.160911 
1458 63 1498 118 1 0.160840 
1417 332 1476 390 1 0.160732 
1387 475 1454 510 1 0.160395 
1042 10 1060 93 1 0.160020 
1448 351 1496 413 1 0.159551 
1125 473 1203 510 1 0.159074 
1024 88 1047 158 1 0.158809 
1027 125 1062 185 1 0.158668 
1302 52 1348 104 1 0.157664 
1054 405 1104 472 1 0.157146 
1238 178 1287 233 1 0.156211 
1066 476 1135 512 1 0.156194 
1024 212 1046 285 1 0.155604 
1024 69 1046 140 1 0.155126 
1024 231 1048 305 1 0.155077 
1496 280 1536 358 1 0.154632 
1155 194 1204 246 1 0.154631 
1358 156 1412 209 1 0.154596 
1495 247 1534 321 1 0.154538 
1462 196 1509 251 1 0.154196 
1026 150 1060 211 1 0.154072 
1074 497 1144 512 1 0.154029 
1168 413 1222 471 1 0.153945 
1306 27 1348 87 1 0.153933 
1348 133 1397 183 1 0.153819 
1382 134 1429 184 1 0.153799 
1397 167 1442 229 1 0.153784 
1024 248 1049 322 1 0.153729 
1511 208 1536 224 1 0.153701 
1266 8 1333 48 1 0.153663 
1251 478 1327 510 1 0.153324 
1492 187 1535 250 1 0.153165 
1042 344 1086 407 1 0.153031 
1457 378 1508 442 1 0.152931 
1438 223 1491 275 1 0.152696 
1028 335 1063 414 1 0.152632 
1506 169 1536 227 1 0.152502 
1157 54 1205 108 1 0.152474 
1522 272 1536 353 1 0.152368 
1208 429 1268 488 1 0.152156 
1499 311 1536 383 1 0.152099 
1316 12 1381 47 1 0.151965 
1025 317 1061 395 1 0.151928 
1057 428 1104 494 1 0.151920 
1492 351 1534 426 1 0.151825 
1060 236 1106 299 1 0.151756 
1370 114 1413 165 1 0.151732 
1183 413 1238 473 1 0.151648 
1184 357 1217 406 1 0.151475 
1453 413 1508 474 1 0.151324 
1297 498 1368 512 1 0.151301 
1161 298 1204 357 1 0.151153 
1437 330 1495 388 1 0.150999 
1212 408 1266 471 1 0.150927 
1024 165 1038 230 1 0.150649 
1040 129 1084 187 1 0.150576 
1055 7 1070 49 1 0.150524 
1487 153 1533 209 1 0.150514 
1472 282 1526 352 1 0.150419 
1521 309 1536 375 1 0.150315 
1777 213 1777 275 1 0.300621 
1565 7 1621 34 1 0.201324 
1536 456 1576 506 1 0.195073 
1603 16 1658 41 1 0.181942 
1771 475 1835 510 1 0.181906 
1875 342 1922 403 1 0.181590 
1966 2 2023 45 1 0.179749 
1872 170 1936 229 1 0.178377 
1677 237 1735 294 1 0.177981 
1854 13 1913 35 1 0.177156 
1653 473 1731 508 1 0.176811 
1639 0 1700 39 1 0.176798 
1688 266 1747 324 1 0.176423 
1583 8 1640 36 1 0.175447 
1857 342 1902 402 1 0.174600 
1930 43 1988 99 1 0.172256 
1965 168 2023 227 1 0.171912 
1645 267 1699 322 1 0.171894 
1537 55 1576 118 1 0.171526 
1969 384 2020 436 1 0.169682 
1572 79 1623 96 1 0.169280 
2008 78 2043 145 1 0.168930 
1966 118 2020 179 1 0.168913 
1847 182 1909 241 1 0.168879 
1568 94 1617 152 1 0.168827 
1857 285 1911 338 1 0.168649 
1928 234 1988 288 1 0.168527 
1761 449 1817 498 1 0.168336 
1543 0 1589 26 1 0.168140 
1949 4 2011 42 1 0.167709 
1541 80 1580 141 1 0.167633 
1834 171 1896 227 1 0.167632 
1946 234 2003 289 1 0.167497 
1769 331 1832 389 1 0.167069 
1553 3 1610 48 1 0.166999 
2008 63 2043 128 1 0.166729 
1677 258 1733 314 1 0.166694 
1616 319 1673 365 1 0.165856 
2002 497 2048 512 1 0.165796 
1691 253 1750 309 1 0.165749 
1735 471 1801 512 1 0.165582 
1630 252 1684 309 1 0.165566 
1907 330 1970 383 1 0.164730 
1783 469 1852 505 1 0.164583 
1611 237 1664 292 1 0.164514 
1536 7 1632 42 1 0.163793 
1718 20 1770 43 1 0.163693 
1943 222 2001 273 1 0.163364 
1816 212 1856 264 1 0.163316 
1857 324 1901 382 1 0.163281 
1993 463 2043 512 1 0.162987 
1703 280 1767 337 1 0.162800 
1968 13 2023 64 1 0.162735 
1880 141 1941 193 1 0.162549 
1913 248 1975 307 1 0.162541 
1658 220 1714 277 1 0.162505 
1662 257 1715 312 1 0.162468 
1538 174 1563 246 1 0.162278 
1538 172 1585 232 1 0.161424 
1536 470 1553 510 1 0.161356 
1878 327 1922 388 1 0.161283 
1968 285 2023 340 1 0.161023 
1541 468 1605 509 1 0.161019 
1774 448 1833 496 1 0.160992 
1951 285 2008 339 1 0.160529 
1840 287 1893 340 1 0.160485 
1753 473 1820 512 1 0.160343 
1807 497 1886 511 1 0.160296 
1675 220 1733 276 1 0.160250 
1884 9 1950 46 1 0.160153 
1851 223 1912 276 1 0.159857 
1947 333 2005 386 1 0.159831 
1615 336 1673 383 1 0.159560 
1645 315 1703 368 1 0.159500 
1967 267 2024 324 1 0.159494 
1724 356 1787 413 1 0.159139 
1858 487 1928 512 1 0.158990 
1850 155 1908 215 1 0.158938 
1659 238 1716 295 1 0.158776 
1985 444 2041 506 1 0.158430 
1811 487 1866 512 1 0.158367 
1873 361 1917 415 1 0.158183 
1582 62 1635 118 1 0.158164 
1894 4 1963 43 1 0.158036 
1589 476 1665 509 1 0.157922 
1930 478 2005 510 1 0.157889 
1914 480 1987 512 1 0.157796 
1562 471 1628 508 1 0.157777 
1631 0 1707 15 1 0.157725 
1851 361 1901 417 1 0.157547 
1853 430 1907 480 1 0.157479 
1923 264 1990 320 1 0.157424 
1573 475 1644 507 1 0.157390 
1895 315 1957 371 1 0.157264 
1740 447 1798 500 1 0.157185 
1639 476 1712 510 1 0.156856 
1652 0 1721 13 1 0.156833 
1945 251 2004 306 1 0.156789 
1963 298 2024 354 1 0.156742 
1541 193 1565 265 1 0.156736 
327 814 327 879 1 0.236446 
410 517 481 552 1 0.193604 
445 517 506 558 1 0.190162 
215 987 293 1022 1 0.189798 
380 522 449 556 1 0.182088 
234 984 306 1021 1 0.178865 
270 985 334 1022 1 0.178565 
6 521 51 563 1 0.177841 
414 920 450 965 1 0.176452 
424 546 471 595 1 0.175934 
467 571 507 631 1 0.175203 
436 764 490 820 1 0.174466 
357 518 430 550 1 0.172475 
199 989 274 1023 1 0.171228 
40 540 54 594 1 0.171194 
474 953 503 1001 1 0.171134 
404 542 453 593 1 0.170430 
49 512 124 526 1 0.166170 
434 1010 512 1023 1 0.165810 
275 946 323 1006 1 0.165525 
356 991 435 1024 1 0.165206 
29 530 66 587 1 0.164839 
365 1009 448 1023 1 0.163668 
465 526 507 580 1 0.163297 
439 528 491 576 1 0.162629 
459 516 510 546 1 0.162047 
467 981 512 1024 1 0.161850 
497 516 512 578 1 0.160592 
418 526 474 572 1 0.160306 
432 737 489 782 1 0.159937 
441 517 498 544 1 0.159274 
426 582 472 631 1 0.158731 
9 943 43 1016 1 0.158564 
137 513 206 553 1 0.158377 
146 941 182 999 1 0.158129 
163 889 200 942 1 0.157293 
407 519 471 542 1 0.157259 
29 530 76 553 1 0.157034 
5 986 74 1024 1 0.156363 
455 765 505 829 1 0.156040 
25 992 98 1024 1 0.156001 
14 519 63 558 1 0.155968 
396 577 450 625 1 0.155928 
427 521 488 545 1 0.155741 
54 957 88 1022 1 0.155487 
21 512 85 553 1 0.155415 
23 932 50 1012 1 0.155346 
251 982 323 1018 1 0.155017 
43 514 112 552 1 0.154884 
499 806 512 875 1 0.154822 
155 517 220 557 1 0.154720 
63 512 129 550 1 0.154637 
470 552 510 614 1 0.154585 
450 750 504 810 1 0.154035 
216 739 264 796 1 0.153288 
51 552 60 633 1 0.152851 
347 563 405 614 1 0.152538 
400 524 453 572 1 0.152262 
0 808 42 869 1 0.152183 
472 923 512 987 1 0.152055 
59 952 102 1008 1 0.151664 
246 948 297 1005 1 0.151660 
304 802 342 869 1 0.151617 
468 1007 512 1023 1 0.151386 
333 560 387 612 1 0.151171 
199 905 228 957 1 0.150701 
86 515 155 550 1 0.150641 
323 571 372 623 1 0.150472 
490 1008 512 1024 1 0.150422 
323 518 390 542 1 0.150213 
192 1011 283 1023 1 0.150202 
97 512 179 536 1 0.150063 
206 523 269 560 1 0.149943 
1 999 16 1024 1 0.149658 
2 824 46 883 1 0.149635 
466 963 501 1016 1 0.149301 
437 563 487 611 1 0.149265 
450 731 505 787 1 0.149087 
453 584 504 645 1 0.148922 
280 515 349 554 1 0.147995 
380 541 438 590 1 0.147697 
385 988 463 1023 1 0.147619 
267 544 312 600 1 0.147551 
324 524 394 568 1 0.147406 
293 649 327 709 1 0.147396 
275 933 322 987 1 0.147327 
436 778 489 834 1 0.147272 
228 795 263 849 1 0.146914 
184 988 257 1021 1 0.146418 
3 1010 67 1024 1 0.146143 
387 686 432 739 1 0.146143 
221 698 264 747 1 0.146124 
241 1011 326 1024 1 0.146111 
129 940 169 997 1 0.146057 
312 992 396 1023 1 0.146021 
390 874 428 926 1 0.145867 
408 932 446 975 1 0.145809 
331 547 389 592 1 0.145692 
458 925 497 973 1 0.145616 
441 640 492 695 1 0.145588 
741 711 741 775 1 0.322764 
530 518 583 562 1 0.202881 
529 518 586 545 1 0.201158 
844 891 899 944 1 0.186598 
513 523 561 571 1 0.184117 
680 991 755 1021 1 0.184027 
780 989 846 1024 1 0.181706 
938 513 1002 552 1 0.181504 
512 999 528 1024 1 0.178814 
1010 612 1024 680 1 0.178154 
802 512 876 526 1 0.177798 
928 607 974 660 1 0.177767 
913 620 958 676 1 0.177046 
920 513 987 552 1 0.176832 
726 991 786 1021 1 0.175720 
891 951 958 997 1 0.174645 
721 1007 788 1023 1 0.174287 
892 580 947 640 1 0.174234 
521 515 565 543 1 0.173396 
961 512 1013 556 1 0.172864 
820 892 871 944 1 0.172517 
925 991 991 1024 1 0.171852 
938 987 1009 1024 1 0.171283 
520 515 569 559 1 0.169686 
719 573 771 629 1 0.168959 
927 591 973 647 1 0.168836 
945 589 994 642 1 0.168786 
951 555 995 613 1 0.168479 
793 993 863 1024 1 0.168443 
785 1009 858 1024 1 0.168256 
859 609 916 662 1 0.167698 
885 512 949 553 1 0.167517 
871 990 950 1024 1 0.167253 
912 605 958 663 1 0.166681 
917 670 961 724 1 0.166666 
745 984 808 1022 1 0.166209 
547 571 596 629 1 0.166061 
690 1008 758 1024 1 0.165978 
512 523 537 584 1 0.165761 
839 541 889 602 1 0.165119 
903 554 957 624 1 0.164855 
512 832 538 850 1 0.164844 
769 894 814 955 1 0.164653 
564 513 631 551 1 0.164279 
657 998 722 1024 1 0.163173 
906 987 976 1024 1 0.163124 
831 895 885 943 1 0.162829 
897 669 944 723 1 0.162448 
764 910 814 973 1 0.162257 
1000 512 1024 527 1 0.161802 
557 513 623 538 1 0.161737 
877 607 930 661 1 0.161580 
950 573 995 629 1 0.161578 
877 538 932 601 1 0.161461 
927 521 978 579 1 0.161356 
512 873 551 935 1 0.161086 
579 515 644 540 1 0.160944 
873 894 932 946 1 0.160791 
841 877 896 933 1 0.160747 
670 520 727 544 1 0.160551 
968 539 1012 596 1 0.160381 
596 514 666 555 1 0.160211 
939 877 1001 930 1 0.160108 
914 637 961 693 1 0.160035 
736 921 788 984 1 0.160019 
835 862 883 923 1 0.159907 
721 939 767 1001 1 0.159837 
827 995 898 1024 1 0.159600 
732 555 786 609 1 0.159483 
891 896 948 948 1 0.159410 
780 922 832 980 1 0.159365 
542 538 592 593 1 0.159109 
852 875 913 931 1 0.158945 
905 583 958 645 1 0.158732 
524 780 573 845 1 0.158646 
539 512 603 540 1 0.158098 
810 996 877 1024 1 0.157953 
700 984 771 1020 1 0.157783 
546 1019 567 1024 1 0.157249 
950 639 998 695 1 0.156983 
891 604 944 661 1 0.156643 
722 923 772 980 1 0.156540 
706 512 760 552 1 0.156237 
514 544 540 608 1 0.156119 
862 631 913 693 1 0.155891 
816 874 869 934 1 0.155595 
710 925 757 984 1 0.155583 
830 512 914 526 1 0.155463 
944 731 1002 786 1 0.155451 
512 533 526 589 1 0.155447 
769 517 831 556 1 0.155189 
518 519 548 563 1 0.155183 
860 585 915 639 1 0.155064 
638 791 694 851 1 0.155006 
873 949 941 994 1 0.154865 
512 814 554 870 1 0.154809 
624 760 674 825 1 0.154545 
760 935 810 995 1 0.154334 
887 820 938 877 1 0.153826 
946 518 996 577 1 0.153803 
1302 760 1302 830 1 0.305555 
1028 902 1052 965 1 0.199034 
1291 698 1346 755 1 0.181861 
1476 512 1531 542 1 0.181066 
1080 792 1139 852 1 0.180366 
1025 529 1065 584 1 0.180298 
1024 520 1071 562 1 0.178726 
1096 809 1155 869 1 0.177744 
1418 540 1473 593 1 0.177548 
1163 895 1221 944 1 0.177357 
1065 790 1124 847 1 0.176674 
1421 558 1473 616 1 0.175446 
1323 1010 1419 1023 1 0.175283 
1210 934 1264 996 1 0.174942 
1024 877 1063 940 1 0.174577 
1079 781 1137 837 1 0.173451 
1163 797 1220 851 1 0.173229 
1113 813 1171 867 1 0.172676 
1079 762 1139 819 1 0.172614 
1158 911 1222 961 1 0.172266 
1450 543 1506 595 1 0.170648 
1142 621 1206 670 1 0.169819 
1135 801 1193 857 1 0.169492 
1051 792 1104 847 1 0.169487 
1292 716 1347 774 1 0.168836 
1457 513 1515 552 1 0.168780 
1433 545 1488 595 1 0.168616 
1129 961 1192 1015 1 0.168610 
1240 656 1303 706 1 0.167854 
1456 687 1515 734 1 0.167714 
1024 980 1075 1020 1 0.167544 
1165 991 1225 1024 1 0.167522 
1521 656 1536 738 1 0.167345 
1399 520 1459 569 1 0.166899 
1304 698 1361 756 1 0.166712 
1455 522 1511 572 1 0.166649 
1434 560 1487 612 1 0.166624 
1065 634 1125 688 1 0.166221 
1130 815 1188 867 1 0.165805 
1113 750 1175 804 1 0.165660 
1024 554 1063 612 1 0.165596 
1456 753 1509 801 1 0.165446 
1495 742 1535 815 1 0.165389 
1216 635 1268 692 1 0.165375 
1345 983 1427 1022 1 0.165211 
1177 781 1236 834 1 0.165023 
1146 813 1204 868 1 0.165022 
1491 1008 1536 1024 1 0.164731 
1192 781 1255 835 1 0.164652 
1027 764 1073 821 1 0.164458 
1151 894 1207 945 1 0.164422 
1159 780 1219 836 1 0.164402 
1460 780 1513 837 1 0.163805 
1024 855 1061 915 1 0.163378 
1325 923 1379 986 1 0.163197 
1071 525 1125 579 1 0.163152 
1028 517 1054 568 1 0.162132 
1191 991 1268 1024 1 0.162032 
1036 987 1101 1022 1 0.161941 
1031 942 1085 998 1 0.161909 
1270 794 1330 854 1 0.161653 
1152 961 1221 1016 1 0.161309 
1322 844 1376 899 1 0.161176 
1093 980 1166 1021 1 0.161159 
1208 916 1268 976 1 0.160653 
1275 700 1331 757 1 0.160613 
1268 559 1319 617 1 0.160585 
1415 523 1471 572 1 0.160583 
1180 623 1235 669 1 0.160344 
1024 895 1064 954 1 0.160198 
1213 672 1267 722 1 0.160038 
1051 811 1104 870 1 0.160012 
1480 749 1531 811 1 0.159793 
1220 660 1271 711 1 0.159624 
1503 996 1521 1024 1 0.159523 
1331 863 1379 917 1 0.159432 
1149 604 1210 652 1 0.159367 
1024 876 1046 945 1 0.159143 
1171 958 1235 1013 1 0.158952 
1196 656 1252 710 1 0.158864 
1402 561 1458 612 1 0.158753 
1456 925 1508 982 1 0.158616 
1226 769 1285 824 1 0.158607 
1028 782 1077 837 1 0.158524 
1194 800 1254 852 1 0.158485 
1193 605 1248 655 1 0.158478 
1085 821 1136 886 1 0.157903 
1385 779 1441 833 1 0.157882 
1304 557 1362 614 1 0.157331 
1244 546 1284 568 1 0.157147 
1111 977 1183 1023 1 0.157142 
1491 956 1533 1016 1 0.156989 
1490 515 1531 560 1 0.156926 
1027 522 1050 593 1 0.156926 
1037 917 1057 983 1 0.156738 
1318 514 1384 551 1 0.156659 
1168 982 1246 1024 1 0.156651 
1039 636 1093 694 1 0.156476 
1208 766 1268 822 1 0.156036 
1324 955 1380 1017 1 0.155980 
1910 725 1977 787 1 0.270047 
1960 757 2022 811 1 0.243837 
1920 664 1983 725 1 0.229963 
1719 737 1780 796 1 0.221754 
1826 774 1826 841 1 0.212086 
1871 643 1932 692 1 0.208201 
1709 688 1770 743 1 0.207400 
1902 665 1964 717 1 0.205196 
1537 983 1552 1023 1 0.203406 
1846 732 1896 783 1 0.202088 
1856 644 1913 690 1 0.201615 
1837 668 1892 722 1 0.200540 
1964 695 2020 750 1 0.199341 
1930 700 1985 752 1 0.198919 
1837 655 1894 705 1 0.198516 
1842 747 1892 798 1 0.198278 
1934 762 1996 814 1 0.198038 
1934 746 1992 804 1 0.197007 
1884 667 1942 717 1 0.195772 
1963 744 2017 794 1 0.195760 
1994 794 2039 851 1 0.192568 
2002 670 2045 731 1 0.192122 
1971 767 2019 786 1 0.191796 
1896 639 1953 694 1 0.191668 
1857 723 1908 770 1 0.189844 
1939 734 1998 788 1 0.189542 
1900 676 1959 728 1 0.188884 
1858 733 1912 783 1 0.188685 
1992 753 2040 806 1 0.188563 
1970 877 2023 930 1 0.188480 
2032 613 2048 673 1 0.188209 
1856 668 1913 720 1 0.187665 
1981 689 2037 745 1 0.187665 
1923 767 1980 816 1 0.187188 
2002 632 2045 687 1 0.186724 
1923 783 1978 837 1 0.186242 
1871 680 1924 733 1 0.185922 
1863 798 1915 849 1 0.185034 
1919 796 1976 851 1 0.184991 
1959 717 2013 769 1 0.184976 
1537 873 1577 939 1 0.184891 
1915 703 1971 756 1 0.183644 
1968 864 2020 909 1 0.183279 
1881 678 1938 731 1 0.183190 
1771 764 1827 818 1 0.183041 
1723 657 1777 710 1 0.182929 
1837 683 1890 738 1 0.182880 
1720 676 1776 728 1 0.182839 
1839 717 1893 767 1 0.182346 
1940 722 1999 775 1 0.181864 
1908 588 1966 644 1 0.181753 
1896 584 1984 662 1 0.181742 
1969 587 2035 722 1 0.181563 
1711 716 1765 771 1 0.181244 
1898 623 1953 680 1 0.180951 
2035 516 2048 585 1 0.180833 
1685 753 1735 798 1 0.180831 
2005 876 2043 944 1 0.180644 
1846 786 1905 835 1 0.180639 
1803 715 1857 768 1 0.180618 
1903 740 1921 782 1 0.180604 
2008 682 2048 822 1 0.180423 
1857 656 1914 704 1 0.180070 
1757 517 1813 557 1 0.179907 
1794 523 1851 564 1 0.179620 
1920 848 1975 890 1 0.178675 
1947 846 2002 889 1 0.178605 
1577 698 1634 751 1 0.178518 
1821 731 1875 781 1 0.178233 
1963 637 2018 688 1 0.177906 
1963 771 2019 825 1 0.177839 
1726 753 1777 804 1 0.177780 
1920 870 1975 910 1 0.177747 
1865 542 1955 625 1 0.177557 
1820 750 1875 799 1 0.177437 
1838 699 1892 752 1 0.177397 
1948 773 2005 825 1 0.177360 
1905 726 2019 783 1 0.177326 
1718 687 1766 704 1 0.177301 
1855 590 1967 659 1 0.177239 
1822 683 1877 739 1 0.177097 
1868 699 1919 748 1 0.177014 
1596 699 1650 756 1 0.176985 
1836 768 1889 816 1 0.176829 
1906 959 1971 1013 1 0.176771 
1849 560 1966 677 1 0.176709 
2001 739 2043 796 1 0.176468 
1930 549 2017 648 1 0.176376 
2003 653 2046 710 1 0.176200 
1855 684 1908 737 1 0.175972 
1918 556 2032 670 1 0.175800 
1893 627 1982 701 1 0.175768 
1728 512 1804 525 1 0.175471 
2018 668 2048 724 1 0.175389 
1724 639 1778 692 1 0.175220 
1838 792 1895 846 1 0.174911 
1949 699 2005 753 1 0.174871 
1965 797 2019 847 1 0.174800 
1802 751 1855 799 1 0.174694 
1872 532 1994 643 1 0.174548 
347 1341 347 1409 1 0.239037 
72 1419 131 1483 1 0.174315 
31 1530 52 1536 1 0.171028 
117 1467 183 1522 1 0.170533 
15 1484 38 1536 1 0.170523 
207 1522 294 1535 1 0.168916 
156 1035 209 1070 1 0.168208 
447 1379 508 1439 1 0.167797 
1 1058 40 1132 1 0.166746 
57 1436 117 1491 1 0.166126 
272 1024 358 1036 1 0.165385 
190 1055 226 1077 1 0.164698 
437 1035 489 1089 1 0.164288 
482 1320 512 1382 1 0.164246 
244 1490 313 1533 1 0.164091 
480 1367 512 1429 1 0.162552 
470 1349 509 1428 1 0.162253 
348 1030 404 1059 1 0.161736 
69 1450 132 1507 1 0.161724 
6 1029 52 1078 1 0.161715 
483 1337 512 1402 1 0.161696 
463 1489 512 1533 1 0.161652 
0 1401 37 1465 1 0.160586 
401 1045 441 1104 1 0.160272 
134 1465 200 1523 1 0.159962 
95 1028 155 1066 1 0.159835 
455 1034 505 1075 1 0.159720 
8 1500 34 1536 1 0.158894 
468 1520 512 1536 1 0.158838 
177 1522 261 1535 1 0.158275 
433 1045 476 1099 1 0.158262 
7 1440 48 1504 1 0.158097 
279 1247 317 1302 1 0.157750 
330 1026 394 1066 1 0.157652 
318 1034 373 1090 1 0.156524 
487 1033 512 1091 1 0.156359 
4 1422 43 1487 1 0.156343 
461 1034 510 1060 1 0.156039 
280 1434 327 1496 1 0.155766 
217 1024 277 1065 1 0.155722 
106 1458 169 1519 1 0.155660 
319 1404 370 1465 1 0.155582 
114 1510 171 1536 1 0.155400 
481 1304 512 1367 1 0.155131 
149 1051 194 1072 1 0.154984 
142 1522 231 1534 1 0.154936 
481 1256 512 1319 1 0.154838 
212 1177 258 1234 1 0.154754 
335 1523 427 1534 1 0.154592 
498 1311 512 1398 1 0.154310 
432 1030 492 1068 1 0.154241 
231 1080 277 1136 1 0.154218 
298 1033 354 1091 1 0.154212 
20 1494 81 1535 1 0.154158 
0 1359 40 1437 1 0.153933 
434 1522 508 1535 1 0.153878 
243 1171 291 1238 1 0.153779 
489 1520 512 1536 1 0.153426 
355 1024 421 1039 1 0.153105 
253 1471 310 1527 1 0.153105 
454 1077 483 1132 1 0.153025 
432 1504 493 1536 1 0.152961 
215 1504 282 1534 1 0.152901 
468 1465 512 1526 1 0.152837 
232 1505 294 1536 1 0.152757 
11 1190 46 1279 1 0.152605 
275 1458 325 1516 1 0.152408 
174 1165 228 1223 1 0.152321 
393 1388 451 1443 1 0.151719 
93 1468 160 1524 1 0.151707 
266 1103 318 1155 1 0.151454 
274 1494 351 1535 1 0.151164 
410 1034 473 1059 1 0.150965 
184 1043 234 1065 1 0.150712 
127 1508 186 1535 1 0.150699 
84 1486 160 1533 1 0.150670 
356 1025 419 1068 1 0.150460 
320 1024 388 1049 1 0.150076 
430 1383 489 1437 1 0.150003 
147 1452 210 1520 1 0.149954 
42 1438 100 1493 1 0.149761 
499 1358 511 1448 1 0.149601 
128 1030 191 1064 1 0.149318 
336 1424 387 1483 1 0.149027 
214 1491 292 1536 1 0.148990 
483 1024 512 1072 1 0.148956 
423 1492 497 1534 1 0.148921 
35 1024 111 1037 1 0.148846 
488 1491 512 1536 1 0.148741 
374 1035 420 1090 1 0.148707 
498 1407 512 1493 1 0.148698 
176 1030 235 1066 1 0.148501 
364 1368 418 1427 1 0.148363 
45 1451 101 1506 1 0.148353 
352 1422 402 1481 1 0.148074 
453 1453 505 1517 1 0.147936 
93 1454 157 1512 1 0.147853 
368 1522 459 1534 1 0.147802 
434 1403 490 1456 1 0.147776 
321 1024 391 1039 1 0.147495 
789 1273 790 1339 1 0.239083 
723 1520 789 1536 1 0.202642 
1011 1230 1023 1315 1 0.179060 
964 1522 1024 1536 1 0.178098 
521 1496 591 1534 1 0.176337 
959 1030 1019 1072 1 0.175869 
514 1372 559 1436 1 0.174247 
834 1024 907 1067 1 0.171829 
690 1522 764 1535 1 0.171391 
539 1454 597 1510 1 0.170975 
640 1521 725 1535 1 0.169892 
512 1521 540 1536 1 0.169439 
514 1467 545 1534 1 0.168955 
540 1506 602 1535 1 0.168828 
512 1371 540 1437 1 0.168738 
685 1349 742 1408 1 0.168465 
512 1313 526 1390 1 0.167562 
1009 1027 1024 1091 1 0.167495 
512 1352 539 1423 1 0.167297 
819 1139 870 1193 1 0.167207 
512 1334 537 1404 1 0.167166 
944 1024 961 1052 1 0.167119 
989 1366 1022 1431 1 0.166543 
984 1385 1023 1456 1 0.165605 
1011 1375 1023 1464 1 0.165459 
512 1304 553 1369 1 0.165456 
512 1389 586 1461 1 0.165290 
865 1117 914 1177 1 0.165237 
538 1080 562 1156 1 0.165141 
743 1024 807 1065 1 0.164927 
512 1411 526 1483 1 0.164664 
519 1381 578 1446 1 0.164465 
699 1451 755 1512 1 0.164250 
815 1024 889 1067 1 0.164107 
535 1429 597 1486 1 0.164105 
984 1432 1022 1506 1 0.163786 
986 1315 1024 1387 1 0.163760 
878 1024 967 1037 1 0.163726 
549 1487 602 1503 1 0.163483 
962 1041 1018 1097 1 0.163428 
512 1274 555 1340 1 0.163264 
1010 1110 1024 1171 1 0.163136 
1009 1478 1024 1530 1 0.163061 
582 1026 645 1066 1 0.161987 
709 1490 772 1532 1 0.161981 
567 1025 629 1064 1 0.161769 
512 1440 526 1521 1 0.161666 
729 1504 775 1520 1 0.161222 
515 1488 567 1532 1 0.160741 
668 1453 727 1512 1 0.160558 
698 1155 736 1213 1 0.160516 
570 1452 631 1511 1 0.160297 
512 1342 555 1413 1 0.160278 
715 1326 769 1384 1 0.160188 
672 1308 728 1368 1 0.159748 
548 1219 562 1304 1 0.159748 
586 1254 642 1318 1 0.159634 
513 1388 542 1452 1 0.158930 
551 1504 616 1532 1 0.158868 
942 1450 995 1511 1 0.158843 
982 1082 1023 1143 1 0.158802 
958 1385 1016 1449 1 0.158615 
512 1455 574 1524 1 0.158572 
962 1057 1012 1108 1 0.158380 
953 1024 1017 1049 1 0.158367 
697 1173 735 1235 1 0.158322 
621 1455 681 1514 1 0.158204 
667 1324 726 1381 1 0.157842 
528 1081 557 1158 1 0.157601 
1010 1444 1024 1512 1 0.157508 
512 1393 559 1460 1 0.157425 
564 1488 618 1504 1 0.157382 
891 1041 1011 1095 1 0.157216 
994 1335 1024 1400 1 0.157020 
939 1435 995 1494 1 0.156723 
567 1504 619 1520 1 0.156697 
521 1035 568 1077 1 0.156674 
682 1468 743 1523 1 0.156636 
652 1276 707 1337 1 0.156458 
975 1024 1023 1053 1 0.156421 
622 1503 696 1536 1 0.156306 
669 1352 725 1409 1 0.156277 
929 1053 998 1102 1 0.156265 
582 1507 645 1535 1 0.156166 
1011 1325 1023 1417 1 0.156018 
941 1037 1014 1124 1 0.155781 
945 1024 1020 1038 1 0.155599 
873 1099 926 1158 1 0.155404 
837 1134 890 1189 1 0.155362 
875 1129 928 1185 1 0.155275 
512 1512 528 1536 1 0.155237 
811 1024 963 1059 1 0.155194 
613 1333 676 1396 1 0.155191 
715 1399 768 1462 1 0.155081 
520 1470 581 1530 1 0.154829 
834 1150 887 1204 1 0.154827 
910 1024 995 1037 1 0.154787 
942 1384 998 1446 1 0.154743 
643 1030 716 1051 1 0.154649 
603 1227 657 1288 1 0.154642 
1307 1276 1308 1345 1 0.280774 
1242 1090 1300 1147 1 0.189647 
1521 1223 1536 1280 1 0.189220 
1048 1055 1092 1113 1 0.188762 
1439 1105 1494 1157 1 0.187902 
1228 1509 1304 1536 1 0.187473 
1024 1341 1064 1413 1 0.185929 
1112 1505 1186 1536 1 0.183268 
1456 1090 1507 1144 1 0.183117 
1024 1361 1064 1429 1 0.181726 
1452 1052 1506 1108 1 0.176364 
1316 1496 1386 1532 1 0.176073 
1139 1024 1211 1063 1 0.176065 
1170 1024 1238 1069 1 0.175408 
1259 1088 1321 1145 1 0.175067 
1439 1087 1492 1143 1 0.174051 
1522 1328 1535 1409 1 0.172656 
1506 1354 1536 1416 1 0.172374 
1435 1115 1491 1170 1 0.171759 
1404 1155 1457 1213 1 0.171680 
1505 1337 1536 1399 1 0.171623 
1305 1024 1376 1066 1 0.171428 
1269 1501 1343 1535 1 0.170504 
1421 1142 1475 1201 1 0.169486 
1420 1102 1474 1157 1 0.169408 
1225 1100 1286 1155 1 0.169330 
1522 1267 1536 1332 1 0.169205 
1175 1026 1250 1052 1 0.168820 
1043 1039 1092 1094 1 0.168667 
1055 1433 1108 1496 1 0.168444 
1451 1213 1509 1264 1 0.168415 
1462 1377 1512 1434 1 0.167759 
1504 1381 1519 1432 1 0.167627 
1432 1309 1493 1360 1 0.167419 
1449 1026 1516 1076 1 0.167388 
1388 1146 1442 1199 1 0.167230 
1276 1084 1332 1143 1 0.166725 
1174 1428 1224 1479 1 0.165950 
1452 1225 1507 1278 1 0.165909 
1522 1298 1536 1369 1 0.165855 
1454 1406 1511 1463 1 0.165842 
1182 1505 1241 1535 1 0.165771 
1195 1089 1253 1141 1 0.165399 
1503 1382 1536 1445 1 0.165074 
1498 1072 1535 1143 1 0.164583 
1285 1069 1345 1131 1 0.164433 
1455 1112 1508 1166 1 0.164354 
1208 1099 1267 1153 1 0.164028 
1260 1052 1314 1113 1 0.163550 
1046 1499 1119 1535 1 0.163520 
1202 1503 1283 1536 1 0.163346 
1521 1392 1536 1469 1 0.162369 
1109 1026 1177 1065 1 0.162097 
1401 1133 1458 1189 1 0.161913 
1024 1420 1070 1486 1 0.161898 
1181 1049 1231 1112 1 0.161817 
1492 1520 1536 1535 1 0.161691 
1421 1115 1475 1171 1 0.161670 
1057 1262 1091 1339 1 0.161663 
1453 1184 1505 1237 1 0.161460 
1493 1396 1535 1466 1 0.161447 
1024 1143 1064 1201 1 0.161415 
1389 1159 1438 1216 1 0.161107 
1355 1028 1433 1052 1 0.161087 
1036 1436 1092 1497 1 0.160926 
1256 1506 1327 1536 1 0.160705 
1438 1062 1492 1124 1 0.160542 
1453 1130 1506 1184 1 0.160492 
1452 1198 1507 1252 1 0.160097 
1332 1500 1400 1535 1 0.160078 
1512 1024 1536 1040 1 0.159907 
1423 1159 1474 1215 1 0.159778 
1178 1475 1234 1523 1 0.159687 
1473 1091 1526 1149 1 0.159525 
1164 1028 1220 1085 1 0.159503 
1502 1112 1536 1173 1 0.159350 
1468 1053 1524 1111 1 0.159140 
1498 1453 1536 1515 1 0.159126 
1393 1231 1445 1283 1 0.159034 
1206 1030 1270 1055 1 0.159008 
1472 1026 1531 1076 1 0.158969 
1290 1053 1343 1115 1 0.158959 
1432 1213 1488 1266 1 0.158672 
1283 1024 1357 1065 1 0.158618 
1392 1092 1407 1144 1 0.158406 
1470 1403 1527 1463 1 0.158384 
1498 1365 1536 1432 1 0.158246 
1147 1068 1205 1122 1 0.158176 
1144 1031 1205 1082 1 0.158015 
1404 1100 1457 1156 1 0.157907 
1451 1160 1502 1213 1 0.157815 
1148 1051 1202 1106 1 0.157548 
1487 1031 1535 1093 1 0.157538 
1375 1308 1428 1364 1 0.157531 
1024 1522 1052 1536 1 0.157488 
1262 1068 1317 1129 1 0.157466 
1429 1025 1496 1075 1 0.157379 
1374 1294 1427 1348 1 0.157284 
1454 1065 1506 1122 1 0.157280 
1494 1338 1532 1411 1 0.157252 
1841 1299 1841 1370 1 0.285082 
1985 1495 2047 1535 1 0.203360 
2018 1490 2048 1533 1 0.187650 
1540 1243 1585 1297 1 0.186604 
1758 1027 1825 1066 1 0.186283 
1536 1338 1576 1403 1 0.185710 
1644 1295 1699 1346 1 0.184314 
1631 1281 1684 1333 1 0.184133 
1583 1024 1666 1037 1 0.183540 
1966 1500 2032 1536 1 0.180505 
1626 1295 1684 1346 1 0.179871 
1647 1267 1702 1319 1 0.179515 
1691 1358 1746 1409 1 0.178169 
1545 1246 1601 1292 1 0.177766 
1728 1030 1791 1072 1 0.177300 
1624 1310 1681 1364 1 0.175406 
1708 1359 1763 1409 1 0.173341 
1661 1295 1718 1345 1 0.173047 
1552 1400 1575 1462 1 0.172324 
1792 1522 1872 1535 1 0.171628 
1610 1341 1665 1391 1 0.171240 
1642 1310 1696 1362 1 0.170953 
1644 1281 1699 1330 1 0.170894 
1691 1346 1745 1396 1 0.170887 
1536 1352 1560 1418 1 0.170623 
1910 1502 1989 1535 1 0.169998 
1536 1359 1581 1417 1 0.169292 
1971 1522 2039 1535 1 0.169146 
1536 1138 1550 1207 1 0.168719 
1708 1029 1775 1069 1 0.168390 
1910 1034 1985 1071 1 0.168083 
1536 1319 1571 1387 1 0.167321 
1677 1296 1734 1344 1 0.167263 
1662 1310 1716 1359 1 0.167224 
1616 1067 1665 1122 1 0.166896 
1823 1295 1879 1345 1 0.166630 
1672 1359 1729 1408 1 0.166448 
2000 1476 2045 1529 1 0.166145 
1614 1371 1672 1419 1 0.166114 
1822 1371 1865 1418 1 0.165974 
1633 1036 1686 1090 1 0.165634 
1863 1437 1918 1495 1 0.165560 
2027 1024 2048 1039 1 0.165484 
1808 1280 1863 1332 1 0.165209 
1876 1377 1927 1427 1 0.164797 
1848 1188 1906 1242 1 0.164750 
1950 1403 2003 1455 1 0.164692 
1590 1257 1646 1307 1 0.164664 
1536 1310 1549 1399 1 0.164108 
1536 1160 1574 1220 1 0.163592 
1536 1161 1561 1226 1 0.163587 
1536 1130 1574 1192 1 0.163362 
1657 1239 1707 1292 1 0.163194 
1787 1307 1839 1364 1 0.163132 
1703 1250 1767 1303 1 0.162869 
1646 1362 1701 1408 1 0.162725 
1661 1282 1716 1331 1 0.162536 
1964 1312 2020 1358 1 0.162050 
1823 1199 1881 1257 1 0.161699 
1536 1099 1562 1165 1 0.161303 
1536 1299 1574 1363 1 0.160831 
1628 1373 1689 1419 1 0.160720 
1551 1390 1601 1444 1 0.160555 
1676 1278 1731 1328 1 0.160549 
1987 1256 2041 1311 1 0.160549 
1659 1376 1716 1422 1 0.160381 
1624 1360 1684 1406 1 0.160219 
1538 1216 1566 1277 1 0.159566 
2006 1242 2045 1305 1 0.159548 
1934 1388 1988 1441 1 0.159378 
1733 1242 1792 1285 1 0.159309 
1536 1178 1559 1239 1 0.159286 
1814 1347 1862 1397 1 0.159153 
1618 1024 1696 1038 1 0.159147 
1536 1198 1563 1259 1 0.159095 
1832 1148 1889 1204 1 0.158965 
1967 1388 2021 1442 1 0.158944 
1863 1165 1921 1217 1 0.158892 
1695 1379 1712 1430 1 0.158674 
1536 1376 1564 1436 1 0.158640 
1934 1407 1990 1458 1 0.158573 
1632 1302 1647 1350 1 0.158555 
1692 1375 1747 1429 1 0.158520 
1805 1170 1863 1224 1 0.158411 
1583 1360 1640 1408 1 0.158047 
1789 1294 1846 1346 1 0.158018 
1946 1261 2006 1312 1 0.157865 
1832 1029 1904 1067 1 0.157580 
1610 1024 1681 1049 1 0.157577 
1536 1373 1580 1431 1 0.157505 
1611 1360 1668 1409 1 0.157361 
1646 1035 1703 1091 1 0.157180 
1985 1472 2041 1524 1 0.157056 
1648 1048 1703 1107 1 0.156954 
1699 1086 1750 1138 1 0.156952 
1802 1198 1863 1251 1 0.156820 
1920 1372 1973 1423 1 0.156809 
1984 1325 2037 1375 1 0.156796 
1938 1501 2013 1534 1 0.156446 
1738 1028 1811 1064 1 0.156406 
290 1798 290 1866 1 0.237797 
143 1898 490 2038 1 0.195482 
109 2004 199 2045 1 0.194265 
281 2034 382 2047 1 0.193936 
479 1999 512 2047 1 0.187858 
473 1689 511 1761 1 0.185176 
87 1536 207 1614 1 0.183562 
252 1539 329 1564 1 0.182327 
0 1645 47 1702 1 0.181982 
471 1706 509 1774 1 0.180066 
479 1750 512 1812 1 0.179192 
488 2032 512 2047 1 0.178782 
451 2033 512 2047 1 0.177995 
273 1539 349 1564 1 0.177281 
108 1986 172 2040 1 0.176157 
376 1537 461 1560 1 0.175696 
498 1726 512 1809 1 0.173954 
480 1669 512 1736 1 0.173753 
165 1973 326 2048 1 0.173384 
89 1985 154 2037 1 0.173098 
471 1960 510 2039 1 0.173060 
444 1687 499 1748 1 0.172067 
209 1540 283 1567 1 0.171929 
413 1625 470 1686 1 0.171348 
423 1543 485 1569 1 0.170575 
164 1536 235 1586 1 0.170072 
187 1844 245 1904 1 0.169897 
184 2035 290 2047 1 0.169699 
469 1733 509 1805 1 0.169482 
426 1686 480 1745 1 0.169324 
77 1968 131 2022 1 0.169067 
170 1541 270 1641 1 0.169044 
470 1768 510 1839 1 0.168869 
497 1985 512 2048 1 0.168365 
232 1832 295 1897 1 0.168274 
274 1891 512 2036 1 0.168024 
69 1632 425 1942 1 0.167362 
263 1874 347 2005 1 0.167146 
299 1913 369 2048 1 0.167079 
292 1984 364 2044 1 0.166986 
0 2033 27 2048 1 0.166487 
380 1550 447 1574 1 0.166486 
485 2000 512 2016 1 0.166455 
140 1898 201 1957 1 0.166256 
85 2007 166 2047 1 0.165911 
217 2002 395 2047 1 0.165774 
400 1540 473 1565 1 0.165762 
256 1536 331 1579 1 0.165691 
216 1829 281 1894 1 0.165679 
480 1590 512 1654 1 0.165492 
106 1955 341 2048 1 0.165475 
56 1983 123 2036 1 0.165462 
309 1550 366 1574 1 0.165259 
301 1539 369 1580 1 0.165159 
155 2004 333 2047 1 0.165052 
348 1703 407 1768 1 0.164751 
300 1802 362 1862 1 0.164706 
80 1664 141 1714 1 0.164624 
262 1930 348 2048 1 0.164556 
46 1966 102 2023 1 0.164504 
120 2034 225 2046 1 0.164356 
46 1713 88 1775 1 0.164349 
202 1844 262 1905 1 0.164335 
347 1966 496 2047 1 0.164325 
343 1540 428 1563 1 0.164244 
232 1932 316 2048 1 0.164119 
8 2006 76 2044 1 0.163988 
414 2034 506 2047 1 0.163887 
479 1802 511 1864 1 0.163805 
220 1970 388 2048 1 0.163580 
76 2033 172 2046 1 0.163485 
302 1757 359 1818 1 0.163412 
135 1536 214 1561 1 0.163200 
245 1983 365 2047 1 0.162896 
200 1591 259 1652 1 0.162786 
315 1741 369 1801 1 0.162621 
0 1965 49 2027 1 0.162591 
469 1674 509 1742 1 0.162433 
106 1912 165 1972 1 0.162431 
448 1536 512 1563 1 0.162407 
327 1553 385 1577 1 0.162154 
175 2004 262 2048 1 0.162154 
0 1965 28 2033 1 0.161945 
409 1540 472 1582 1 0.161838 
478 1892 508 1961 1 0.161720 
415 1690 467 1748 1 0.161636 
133 1536 206 1585 1 0.161373 
59 2009 130 2048 1 0.160791 
0 1647 28 1708 1 0.160650 
11 1646 67 1705 1 0.160627 
79 1929 135 1990 1 0.160564 
285 1755 341 1817 1 0.160394 
363 2004 459 2047 1 0.160349 
2 1831 45 1904 1 0.160308 
105 1899 163 1956 1 0.160156 
109 1961 230 2044 1 0.160105 
121 1541 181 1566 1 0.160060 
1 2033 68 2046 1 0.159910 
27 1646 80 1707 1 0.159890 
253 1981 312 2040 1 0.159611 
528 1895 649 2046 1 0.209822 
513 1864 687 2048 1 0.196413 
512 1978 542 2042 1 0.194612 
512 2000 562 2046 1 0.193999 
520 2003 582 2047 1 0.193929 
813 1807 813 1878 1 0.189534 
512 1803 563 1861 1 0.188317 
512 1827 526 1893 1 0.184640 
527 2028 554 2048 1 0.183047 
512 1963 555 2028 1 0.182984 
512 1835 560 1900 1 0.182174 
512 1973 589 2034 1 0.178678 
546 1964 599 2025 1 0.178552 
512 1728 526 1807 1 0.178530 
512 1861 539 1938 1 0.178114 
999 1536 1024 1553 1 0.178070 
522 1837 578 1895 1 0.178051 
514 1893 557 1960 1 0.177963 
872 2024 947 2048 1 0.177914 
584 1789 642 1844 1 0.177877 
512 1792 540 1856 1 0.177753 
513 1874 557 1943 1 0.177657 
628 1847 691 1905 1 0.177195 
544 2000 605 2046 1 0.176375 
988 1964 1023 2027 1 0.176188 
546 1947 597 2007 1 0.175121 
537 1808 596 1863 1 0.175085 
712 1592 770 1651 1 0.174619 
512 1769 535 1831 1 0.173989 
522 1851 577 1915 1 0.173737 
848 1557 862 1605 1 0.173718 
513 1807 542 1868 1 0.173362 
754 1964 811 2022 1 0.172199 
512 2022 528 2048 1 0.171912 
914 1944 966 1991 1 0.171055 
770 2001 833 2046 1 0.170958 
715 1803 770 1855 1 0.170828 
524 1983 579 2042 1 0.170688 
795 1609 855 1673 1 0.170527 
902 1938 952 1985 1 0.170422 
994 1627 1024 1686 1 0.169962 
577 1916 629 1975 1 0.169825 
1009 1619 1024 1687 1 0.169546 
733 1820 789 1873 1 0.169526 
696 1806 751 1856 1 0.169464 
517 1841 544 1907 1 0.168782 
907 2018 981 2046 1 0.168412 
512 2032 543 2048 1 0.168360 
834 1539 900 1582 1 0.168324 
512 1718 553 1789 1 0.168261 
553 2015 612 2048 1 0.167829 
619 1835 676 1893 1 0.167804 
513 1910 556 1980 1 0.167713 
523 1813 582 1869 1 0.167668 
949 1966 996 2017 1 0.167394 
516 1824 544 1887 1 0.167080 
512 1944 553 2011 1 0.167070 
571 1819 628 1876 1 0.166881 
512 1894 537 1966 1 0.166739 
548 1833 631 1916 1 0.166707 
677 1793 739 1841 1 0.166436 
523 1930 572 1991 1 0.166143 
566 1994 629 2048 1 0.165047 
545 1896 592 1957 1 0.165044 
996 1848 1024 1913 1 0.165020 
711 1788 768 1840 1 0.164612 
887 1924 932 1974 1 0.164517 
512 1999 542 2016 1 0.164423 
563 1946 614 2012 1 0.164219 
936 2010 1005 2044 1 0.164140 
973 1536 1021 1564 1 0.163958 
892 2021 965 2048 1 0.163515 
831 1742 882 1797 1 0.163507 
512 1912 540 1986 1 0.163335 
939 1537 1004 1578 1 0.163326 
762 1983 820 2033 1 0.163219 
669 1777 723 1825 1 0.162854 
589 1921 642 1973 1 0.162837 
537 1790 596 1847 1 0.162830 
1000 2033 1024 2048 1 0.162817 
616 1862 677 1916 1 0.162815 
652 1777 709 1827 1 0.162454 
586 1823 642 1878 1 0.162202 
512 1929 579 2007 1 0.162186 
524 1964 575 2025 1 0.162179 
558 1979 613 2040 1 0.162154 
551 1787 611 1846 1 0.162044 
983 1623 1022 1691 1 0.162003 
545 1913 594 1973 1 0.161892 
557 1818 615 1875 1 0.161652 
811 2005 867 2047 1 0.161528 
571 1788 627 1847 1 0.161494 
512 2015 542 2032 1 0.161296 
629 1862 692 1920 1 0.161127 
543 1877 593 1938 1 0.160819 
609 2034 688 2048 1 0.160819 
578 1934 627 1988 1 0.160732 
1003 1821 1024 1882 1 0.160598 
544 1764 559 1817 1 0.160403 
778 2013 837 2047 1 0.160375 
1259 1740 1259 1803 1 0.282821 
1445 1543 1523 1579 1 0.213396 
1030 1877 1055 1941 1 0.192135 
1029 2018 1095 2048 1 0.182640 
1407 1544 1482 1569 1 0.180188 
1339 1963 1388 2018 1 0.179489 
1315 1537 1381 1579 1 0.178904 
1091 2033 1156 2048 1 0.178072 
1024 1984 1071 2040 1 0.177195 
1037 1540 1093 1583 1 0.175438 
1442 1727 1485 1776 1 0.175224 
1024 1871 1068 1930 1 0.174939 
1497 1962 1535 2041 1 0.174669 
1306 1550 1362 1602 1 0.173930 
1026 1710 1051 1780 1 0.172722 
1314 1805 1366 1862 1 0.172469 
1067 2013 1136 2047 1 0.172360 
1034 1903 1058 1973 1 0.172208 
1503 2021 1521 2048 1 0.171891 
1039 1555 1087 1609 1 0.171344 
1050 2018 1116 2048 1 0.171007 
1327 1804 1381 1862 1 0.170919 
1446 1653 1496 1704 1 0.170778 
1024 1850 1067 1915 1 0.169863 
1024 1755 1049 1822 1 0.169450 
1291 1547 1345 1599 1 0.169234 
1270 2012 1345 2047 1 0.169199 
1444 1550 1508 1573 1 0.168765 
1373 1538 1452 1562 1 0.168665 
1209 2009 1276 2045 1 0.168162 
1294 1629 1346 1681 1 0.167847 
1024 1839 1049 1907 1 0.167515 
1314 1820 1364 1876 1 0.167169 
1474 1541 1536 1580 1 0.167125 
1373 1820 1424 1877 1 0.166125 
1294 1805 1345 1860 1 0.165558 
1282 1739 1336 1796 1 0.165361 
1387 1542 1468 1566 1 0.165046 
1422 1950 1476 2011 1 0.165031 
1101 2009 1165 2046 1 0.164711 
1035 1923 1057 1993 1 0.164371 
1226 2014 1285 2048 1 0.164356 
1498 1836 1536 1901 1 0.164245 
1390 1983 1446 2039 1 0.164177 
1024 2024 1040 2048 1 0.164115 
1340 1792 1396 1850 1 0.164000 
1024 1690 1063 1753 1 0.163420 
1024 1884 1050 1949 1 0.163059 
1086 2011 1148 2047 1 0.162990 
1347 1803 1406 1862 1 0.162742 
1376 1874 1425 1925 1 0.162676 
1385 1966 1440 2022 1 0.162413 
1307 1961 1354 2022 1 0.162399 
1377 2018 1434 2048 1 0.162370 
1336 1792 1382 1807 1 0.162318 
1050 1869 1106 1921 1 0.162272 
1287 1538 1349 1581 1 0.162154 
1421 1541 1494 1576 1 0.161867 
1026 1947 1066 2010 1 0.161656 
1026 1537 1072 1581 1 0.161631 
1359 1540 1434 1565 1 0.161602 
1028 1893 1071 1954 1 0.161447 
1416 1982 1477 2039 1 0.161432 
1443 1640 1497 1686 1 0.161303 
1308 1644 1358 1697 1 0.161129 
1396 1821 1442 1879 1 0.161001 
1311 1536 1329 1562 1 0.160638 
1292 1645 1344 1695 1 0.160392 
1328 1554 1381 1606 1 0.160194 
1282 1723 1334 1783 1 0.160135 
1113 1539 1169 1566 1 0.159915 
1470 1998 1529 2045 1 0.159895 
1037 1967 1088 2023 1 0.159751 
1024 1551 1050 1611 1 0.159588 
1100 1537 1156 1580 1 0.159381 
1026 1728 1051 1798 1 0.159212 
1024 1854 1046 1921 1 0.159152 
1320 1536 1391 1562 1 0.158967 
1299 1536 1374 1557 1 0.158907 
1037 1855 1091 1909 1 0.158866 
1297 1839 1345 1892 1 0.158833 
1157 1947 1203 2006 1 0.158820 
1443 1711 1483 1761 1 0.158651 
1225 1809 1280 1861 1 0.158615 
1295 1822 1346 1877 1 0.158551 
1451 1964 1505 2026 1 0.158441 
1281 1536 1356 1550 1 0.158396 
1295 1757 1347 1811 1 0.158370 
1293 1791 1344 1842 1 0.158105 
1215 1537 1276 1581 1 0.157716 
1151 1810 1206 1865 1 0.157442 
1433 2009 1504 2046 1 0.157361 
1499 1882 1535 1952 1 0.157337 
1449 2005 1519 2046 1 0.157253 
1335 1808 1384 1823 1 0.157096 
1029 1693 1053 1766 1 0.156955 
1133 1805 1189 1862 1 0.156850 
1204 1544 1265 1584 1 0.156810 
1033 2012 1057 2048 1 0.156644 
1496 1906 1535 1980 1 0.156578 
1826 1797 1826 1864 1 0.247167 
1949 1536 2012 1564 1 0.191882 
1536 1982 1582 2041 1 0.183663 
2034 1698 2048 1771 1 0.181301 
1586 1858 1636 1909 1 0.181236 
1961 1547 2021 1600 1 0.181192 
1536 1682 1550 1746 1 0.180296 
1946 1539 2005 1587 1 0.180259 
2006 1952 2046 2017 1 0.180194 
1598 1883 1648 1938 1 0.180105 
1567 1875 1621 1927 1 0.180020 
1536 1867 1580 1931 1 0.177621 
1536 1699 1550 1761 1 0.176980 
1967 2012 2028 2047 1 0.176221 
1541 1542 1590 1584 1 0.176075 
1540 1545 1584 1604 1 0.175874 
1969 1951 2019 2003 1 0.175508 
1612 2016 1686 2048 1 0.175316 
1969 1536 2026 1566 1 0.174619 
2006 1536 2046 1569 1 0.173376 
1935 1547 1994 1599 1 0.172970 
1979 1536 2038 1561 1 0.172367 
1971 2033 2036 2048 1 0.170073 
1935 2019 1994 2048 1 0.170050 
1601 1854 1649 1904 1 0.168203 
1950 1560 2009 1613 1 0.166400 
1536 2015 1583 2046 1 0.165715 
1557 1550 1594 1579 1 0.165591 
1979 1552 2037 1602 1 0.165080 
2034 1572 2048 1631 1 0.164703 
1536 1863 1561 1932 1 0.164641 
1544 1722 1585 1779 1 0.164262 
2021 1596 2048 1656 1 0.164164 
1984 1580 2038 1632 1 0.163755 
2033 1542 2048 1594 1 0.163713 
1615 1883 1668 1936 1 0.163470 
1632 1882 1683 1941 1 0.163265 
1547 1605 1569 1672 1 0.163242 
1983 1565 2040 1615 1 0.162780 
1985 1594 2036 1652 1 0.162427 
1985 2009 2042 2047 1 0.162012 
2012 1689 2048 1762 1 0.162006 
1678 2034 1767 2047 1 0.161908 
1954 1599 2006 1647 1 0.161736 
2014 1545 2048 1604 1 0.161675 
1536 1875 1550 1949 1 0.161614 
2010 1626 2046 1693 1 0.161536 
1536 1596 1575 1658 1 0.161359 
1640 2019 1718 2048 1 0.161192 
1536 1797 1579 1864 1 0.160964 
1543 1883 1598 1940 1 0.160881 
1558 1545 1611 1571 1 0.160874 
1543 1986 1573 2048 1 0.160847 
1920 1549 1980 1599 1 0.160846 
1566 1738 1616 1792 1 0.160693 
1922 2033 1998 2047 1 0.160377 
1785 1540 1848 1580 1 0.160142 
1843 1839 1882 1920 1 0.159746 
1585 1826 1633 1875 1 0.158883 
1979 1539 2034 1584 1 0.158882 
1562 1716 1617 1764 1 0.158853 
1536 2024 1551 2048 1 0.158780 
1990 1620 2038 1676 1 0.158537 
1566 1856 1620 1907 1 0.158484 
1540 1584 1565 1654 1 0.158203 
1999 1541 2016 1588 1 0.157934 
1916 1536 1980 1560 1 0.157760 
1536 1880 1564 1948 1 0.157538 
1967 1616 2019 1667 1 0.157402 
1730 1670 1764 1733 1 0.157343 
1547 1543 1600 1607 1 0.157277 
1951 2013 2013 2047 1 0.156939 
1545 2017 1601 2048 1 0.156726 
1867 1843 1901 1925 1 0.156632 
1551 1620 1572 1689 1 0.156532 
1537 2002 1603 2043 1 0.156112 
1536 1836 1580 1895 1 0.155943 
2023 1536 2048 1553 1 0.155916 
1547 1547 1569 1623 1 0.155858 
1563 1767 1615 1827 1 0.155707 
1602 1898 1650 1957 1 0.155681 
1967 1594 2019 1648 1 0.155478 
1966 1983 2020 2034 1 0.155416 
2013 1997 2047 2044 1 0.155293 
2007 1980 2048 2040 1 0.154918 
1570 1753 1617 1811 1 0.154449 
1537 1557 1578 1621 1 0.154315 
2012 1910 2048 1977 1 0.154231 
1595 2015 1665 2048 1 0.154224 
1545 1756 1582 1823 1 0.154166 
1536 1891 1580 1953 1 0.154026 
1585 1774 1632 1830 1 0.153885 
2009 1931 2048 1998 1 0.153810 
1888 2034 1972 2047 1 0.153474 
2019 1580 2048 1640 1 0.153336 
2034 1730 2047 1805 1 0.153272 
1567 1898 1617 1951 1 0.153149 
1935 1536 1995 1563 1 0.152979 
1536 1784 1577 1846 1 0.152758 
2007 1647 2048 1715 1 0.152564 
