272 240 272 311 1 0.303610 
4 485 36 512 1 0.207067 
246 481 320 512 1 0.200435 
0 462 34 511 1 0.199809 
13 380 33 448 1 0.195391 
51 139 63 222 1 0.189117 
489 497 512 512 1 0.188526 
26 419 44 494 1 0.188494 
10 94 66 152 1 0.188226 
297 472 364 511 1 0.184851 
311 16 363 42 1 0.184410 
13 362 33 431 1 0.182367 
0 5 21 69 1 0.178208 
158 47 213 100 1 0.178090 
448 5 510 46 1 0.177420 
32 109 90 165 1 0.177032 
219 15 283 63 1 0.176382 
5 82 66 136 1 0.176056 
246 10 308 59 1 0.175808 
205 18 267 65 1 0.174304 
303 420 345 474 1 0.174214 
3 472 73 509 1 0.173403 
264 476 332 509 1 0.173144 
8 4 52 34 1 0.172905 
68 168 76 262 1 0.171655 
488 140 512 205 1 0.171655 
295 395 345 451 1 0.171472 
278 471 349 508 1 0.171265 
20 429 41 505 1 0.169129 
30 475 107 509 1 0.169041 
306 4 378 27 1 0.168967 
315 471 381 511 1 0.168907 
14 99 48 172 1 0.168365 
0 495 30 512 1 0.168238 
45 106 108 162 1 0.167857 
8 343 30 404 1 0.167598 
235 6 286 34 1 0.167565 
8 35 32 97 1 0.167167 
256 6 328 49 1 0.166049 
382 498 472 510 1 0.165899 
216 483 288 512 1 0.165666 
176 37 232 87 1 0.165587 
25 79 87 134 1 0.165377 
468 496 512 511 1 0.165037 
200 30 262 77 1 0.164892 
5 299 42 366 1 0.164453 
281 8 340 33 1 0.164241 
0 318 24 381 1 0.163931 
2 495 59 512 1 0.162984 
0 478 45 512 1 0.162791 
238 83 282 147 1 0.162679 
10 382 59 435 1 0.161892 
0 1 48 48 1 0.161767 
61 70 114 120 1 0.161442 
81 17 125 64 1 0.161015 
190 35 247 83 1 0.160973 
488 0 512 16 1 0.160861 
194 49 242 101 1 0.160561 
182 113 223 168 1 0.160334 
190 23 252 69 1 0.160274 
143 48 199 100 1 0.159976 
0 442 44 506 1 0.159725 
453 13 506 72 1 0.159707 
0 0 28 49 1 0.159645 
276 6 346 44 1 0.159626 
339 14 398 36 1 0.159189 
0 400 29 416 1 0.159110 
438 486 496 512 1 0.158937 
222 30 278 81 1 0.158697 
257 99 298 169 1 0.158590 
101 19 145 65 1 0.158480 
482 168 512 233 1 0.158384 
24 99 42 163 1 0.158379 
173 8 233 49 1 0.158212 
111 0 192 13 1 0.157605 
7 0 70 24 1 0.157508 
169 476 245 511 1 0.157131 
205 8 275 52 1 0.157091 
248 102 284 173 1 0.157032 
259 72 308 142 1 0.156407 
22 81 39 145 1 0.156322 
39 122 54 191 1 0.156241 
43 77 102 131 1 0.155945 
495 470 512 512 1 0.155701 
57 449 117 501 1 0.155622 
0 28 45 82 1 0.155509 
77 89 131 147 1 0.155499 
262 6 318 34 1 0.155467 
425 4 496 41 1 0.154873 
239 427 280 478 1 0.154329 
90 83 151 133 1 0.154023 
242 497 315 511 1 0.153608 
0 366 41 427 1 0.153497 
54 484 118 512 1 0.152744 
3 430 32 504 1 0.152623 
12 52 33 115 1 0.152538 
66 2 131 25 1 0.152441 
179 0 259 12 1 0.152221 
0 417 25 432 1 0.152128 
498 433 512 508 1 0.152019 
847 308 847 374 1 0.218027 
980 472 1024 512 1 0.197185 
972 424 1007 480 1 0.179366 
827 0 898 23 1 0.173834 
927 0 994 26 1 0.169080 
792 127 829 176 1 0.168905 
918 7 980 31 1 0.168046 
978 443 1022 500 1 0.167667 
645 65 665 84 1 0.166772 
709 48 734 67 1 0.165790 
868 4 936 31 1 0.165713 
1010 180 1024 248 1 0.165685 
683 42 712 61 1 0.165421 
601 150 628 205 1 0.164979 
673 213 712 272 1 0.164181 
985 252 1024 320 1 0.163916 
973 3 1021 48 1 0.163368 
982 496 1024 511 1 0.162796 
767 498 853 510 1 0.162679 
1004 496 1024 512 1 0.162335 
631 23 675 56 1 0.162010 
669 69 685 89 1 0.161558 
588 498 688 511 1 0.161268 
1006 470 1024 512 1 0.161249 
817 3 884 27 1 0.160860 
936 85 970 155 1 0.160327 
730 50 755 68 1 0.160200 
780 43 809 64 1 0.159402 
855 3 918 31 1 0.159344 
764 118 810 169 1 0.158649 
768 20 808 43 1 0.158602 
619 267 651 317 1 0.158449 
1010 6 1024 64 1 0.158379 
556 17 603 60 1 0.158189 
979 9 1023 70 1 0.157941 
969 435 996 488 1 0.157552 
783 108 825 156 1 0.156753 
798 496 881 511 1 0.156519 
793 223 821 277 1 0.155761 
512 497 538 512 1 0.155746 
615 248 645 299 1 0.155220 
762 479 837 512 1 0.155030 
813 12 872 36 1 0.154920 
582 21 626 62 1 0.154733 
985 453 1012 506 1 0.154667 
979 426 1023 488 1 0.154401 
890 2 966 25 1 0.154258 
813 129 848 179 1 0.154038 
684 16 738 50 1 0.153655 
750 46 777 65 1 0.153494 
875 155 930 209 1 0.152769 
991 198 1024 262 1 0.152743 
982 340 1024 405 1 0.151968 
797 382 820 443 1 0.151964 
953 0 1017 45 1 0.151958 
559 29 587 93 1 0.151671 
688 215 726 273 1 0.151566 
1009 164 1024 231 1 0.151178 
944 0 1010 26 1 0.150807 
594 20 642 59 1 0.150565 
811 479 880 512 1 0.150383 
705 498 782 511 1 0.150178 
512 361 553 428 1 0.150062 
844 105 897 163 1 0.149779 
938 104 973 174 1 0.149769 
1011 271 1023 360 1 0.149712 
795 481 861 510 1 0.149599 
961 483 1007 512 1 0.149041 
547 33 576 104 1 0.148828 
926 303 949 361 1 0.148619 
512 386 557 453 1 0.148412 
801 106 843 155 1 0.148407 
876 109 929 168 1 0.148233 
724 27 757 65 1 0.148140 
940 221 994 276 1 0.148021 
861 106 915 166 1 0.147896 
608 18 656 55 1 0.147646 
884 7 952 32 1 0.147577 
778 174 810 230 1 0.147563 
942 348 991 396 1 0.147491 
764 5 817 28 1 0.147229 
840 482 902 510 1 0.146976 
773 50 797 71 1 0.146842 
870 128 921 143 1 0.146529 
891 6 954 46 1 0.146499 
996 333 1024 392 1 0.146428 
820 149 849 200 1 0.146374 
662 114 704 168 1 0.146077 
516 497 577 511 1 0.145988 
948 425 979 472 1 0.145788 
927 217 974 272 1 0.145778 
993 213 1024 275 1 0.145635 
512 467 560 508 1 0.145021 
914 384 945 443 1 0.144894 
526 225 554 305 1 0.144752 
950 89 986 155 1 0.144508 
585 84 607 153 1 0.144473 
660 36 694 54 1 0.144374 
1011 404 1024 477 1 0.144305 
1002 0 1024 15 1 0.143932 
1348 296 1348 359 1 0.243216 
1071 27 1103 91 1 0.221169 
1039 15 1085 58 1 0.210214 
1058 22 1101 69 1 0.205280 
1458 400 1510 447 1 0.188747 
1181 11 1219 61 1 0.186730 
1441 371 1491 420 1 0.185520 
1446 3 1512 43 1 0.182879 
1451 478 1514 510 1 0.178758 
1102 54 1127 77 1 0.178466 
1053 17 1110 60 1 0.176600 
1062 29 1077 79 1 0.176404 
1427 370 1473 421 1 0.175953 
1451 464 1522 506 1 0.175315 
1432 481 1496 511 1 0.171799 
1512 496 1536 512 1 0.170698 
1327 496 1412 511 1 0.170054 
1501 362 1531 422 1 0.170023 
1443 397 1494 447 1 0.168368 
1024 296 1065 363 1 0.167466 
1448 359 1492 413 1 0.166067 
1471 444 1529 500 1 0.165719 
1473 4 1531 45 1 0.165579 
1416 0 1490 24 1 0.164313 
1462 17 1510 68 1 0.164229 
1507 381 1534 439 1 0.163845 
1472 402 1521 453 1 0.163652 
1493 296 1533 359 1 0.163051 
1456 370 1512 420 1 0.162984 
1467 478 1526 512 1 0.162968 
1374 9 1426 55 1 0.162529 
1107 484 1162 512 1 0.162518 
1474 416 1523 472 1 0.161968 
1411 381 1460 434 1 0.161855 
1127 470 1201 511 1 0.161677 
1439 412 1487 463 1 0.161411 
1024 264 1067 325 1 0.161124 
1494 426 1532 496 1 0.160326 
1410 399 1459 447 1 0.160155 
1442 385 1493 434 1 0.160083 
1420 486 1482 512 1 0.160016 
1502 464 1536 511 1 0.159801 
1431 5 1496 44 1 0.159197 
1491 341 1531 420 1 0.159153 
1178 22 1207 67 1 0.158586 
1460 422 1536 508 1 0.157636 
1024 313 1067 382 1 0.157313 
1446 16 1496 66 1 0.157287 
1492 243 1536 308 1 0.156890 
1287 285 1309 359 1 0.156768 
1115 468 1190 503 1 0.156521 
1441 7 1502 33 1 0.156275 
1460 416 1506 465 1 0.156230 
1024 462 1065 505 1 0.156225 
1291 469 1356 509 1 0.156048 
1027 341 1067 410 1 0.156005 
1509 299 1536 357 1 0.155988 
1155 498 1224 512 1 0.155865 
1443 430 1488 483 1 0.155759 
1394 401 1442 451 1 0.155410 
1460 33 1513 88 1 0.155240 
1033 348 1085 407 1 0.155131 
1460 448 1514 500 1 0.155118 
1505 264 1536 322 1 0.155045 
1146 132 1191 190 1 0.154883 
1413 473 1536 512 1 0.154465 
1473 387 1523 439 1 0.154290 
1398 419 1442 468 1 0.153842 
1507 282 1536 343 1 0.153804 
1470 0 1530 27 1 0.153672 
1505 424 1536 489 1 0.153530 
1034 216 1083 278 1 0.153375 
1456 385 1511 435 1 0.153230 
1445 450 1494 502 1 0.153004 
1378 491 1431 512 1 0.152633 
1512 0 1536 16 1 0.152618 
1459 354 1509 407 1 0.152508 
1460 399 1514 416 1 0.152392 
1070 485 1127 512 1 0.151947 
1493 366 1536 501 1 0.151742 
1503 440 1536 501 1 0.151199 
1407 432 1451 477 1 0.150766 
1473 368 1527 424 1 0.150697 
1026 409 1066 475 1 0.150449 
1427 383 1474 434 1 0.150404 
1410 367 1457 420 1 0.150320 
1403 6 1468 29 1 0.150279 
1330 137 1381 199 1 0.150206 
1494 326 1533 399 1 0.149966 
1248 485 1302 512 1 0.149900 
1024 206 1064 273 1 0.149651 
1402 14 1455 38 1 0.149458 
1298 497 1373 511 1 0.149242 
1093 486 1146 512 1 0.149086 
1277 482 1333 512 1 0.149007 
1364 490 1416 512 1 0.148940 
1024 6 1066 77 1 0.148851 
1031 385 1052 461 1 0.148822 
1189 474 1262 511 1 0.148822 
1521 288 1536 366 1 0.148716 
1748 181 1749 245 1 0.251145 
1564 3 1636 50 1 0.225037 
1542 3 1612 45 1 0.218612 
1648 285 1688 334 1 0.206968 
1548 404 1569 469 1 0.200031 
1586 7 1651 57 1 0.193911 
1544 374 1595 429 1 0.189956 
1561 2 1626 35 1 0.188548 
1536 281 1564 345 1 0.188310 
1666 273 1705 316 1 0.188062 
1561 362 1616 416 1 0.187662 
1578 351 1630 405 1 0.185309 
1536 0 1634 40 1 0.185001 
2034 6 2048 76 1 0.184195 
1593 349 1647 405 1 0.183132 
1744 473 1830 512 1 0.182639 
1541 285 1595 342 1 0.182602 
1598 21 1651 77 1 0.181592 
1608 348 1663 402 1 0.181516 
1536 310 1588 371 1 0.181256 
1728 222 1776 270 1 0.181213 
1554 395 1572 463 1 0.180900 
1910 155 1968 209 1 0.180835 
1540 413 1566 478 1 0.180633 
1846 71 1904 129 1 0.180444 
1560 279 1618 333 1 0.180054 
1838 143 1893 199 1 0.179997 
1726 236 1771 284 1 0.179508 
2004 136 2046 288 1 0.179485 
1544 0 1609 30 1 0.179388 
1536 213 1579 272 1 0.179115 
1564 313 1619 365 1 0.178623 
1632 283 1677 332 1 0.178560 
1575 276 1630 333 1 0.178535 
1962 251 2020 305 1 0.178437 
1710 225 1761 273 1 0.178021 
1799 407 1861 466 1 0.177601 
1697 256 1738 303 1 0.177503 
1593 273 1643 329 1 0.177339 
1566 0 1632 15 1 0.176614 
1550 458 1576 512 1 0.176253 
1839 220 1887 276 1 0.176248 
1854 202 1904 256 1 0.175790 
1962 238 2021 288 1 0.175349 
1536 253 1573 365 1 0.174910 
1943 142 2004 193 1 0.174502 
1877 444 1945 507 1 0.174288 
1642 333 1697 387 1 0.174259 
1903 353 1956 412 1 0.174218 
1980 67 2043 124 1 0.173881 
1898 126 1953 182 1 0.172966 
1835 127 1891 182 1 0.172857 
1599 47 1643 108 1 0.172320 
1572 1 1643 31 1 0.172276 
1866 90 1922 145 1 0.172258 
1577 214 1617 270 1 0.172211 
1781 405 1846 467 1 0.172170 
1587 288 1643 342 1 0.172048 
1573 509 1593 512 1 0.171801 
1894 184 1955 236 1 0.171732 
1949 253 2005 308 1 0.171297 
1586 0 1649 15 1 0.171135 
1536 229 1552 288 1 0.171052 
1536 313 1564 375 1 0.170862 
1755 269 1810 325 1 0.170753 
1928 156 1988 209 1 0.170665 
1960 142 2021 195 1 0.170463 
1856 26 1908 79 1 0.170387 
1604 10 1663 64 1 0.170361 
1611 300 1659 351 1 0.170204 
1989 64 2040 80 1 0.170046 
1870 273 1930 329 1 0.169928 
1827 5 1888 33 1 0.169305 
1801 233 1857 291 1 0.169288 
1623 345 1683 398 1 0.169098 
1536 385 1579 446 1 0.168970 
1965 76 2030 130 1 0.168819 
1725 286 1776 341 1 0.168778 
1852 128 1908 181 1 0.168727 
1716 15 1778 52 1 0.168697 
1850 93 1906 147 1 0.168690 
2006 168 2048 243 1 0.168661 
1815 479 1894 512 1 0.168389 
1979 251 2036 307 1 0.168307 
1871 254 1928 309 1 0.168071 
1579 311 1631 366 1 0.168012 
1875 45 1934 100 1 0.167992 
1997 2 2046 50 1 0.167865 
1883 185 1939 239 1 0.167657 
1631 499 1715 512 1 0.167459 
1597 120 1958 420 1 0.167439 
1536 297 1566 361 1 0.167390 
1913 108 1973 168 1 0.167322 
1749 441 1819 502 1 0.167259 
1948 156 2004 208 1 0.167214 
1967 361 2019 427 1 0.167119 
1536 400 1581 461 1 0.166782 
1754 350 1816 409 1 0.166778 
1831 474 1908 512 1 0.166728 
1909 255 1973 312 1 0.166627 
207 685 208 748 1 0.250599 
0 512 51 538 1 0.192029 
22 992 71 1008 1 0.190159 
248 989 317 1023 1 0.186102 
0 598 41 659 1 0.185120 
0 549 43 612 1 0.182026 
12 512 73 539 1 0.178966 
104 514 165 560 1 0.178917 
0 513 87 553 1 0.178870 
70 987 136 1023 1 0.177945 
142 699 193 758 1 0.177514 
37 513 90 545 1 0.176258 
346 529 402 564 1 0.176020 
94 678 149 733 1 0.175489 
8 991 74 1023 1 0.175376 
448 518 506 564 1 0.175264 
92 516 150 557 1 0.175096 
127 683 180 740 1 0.171980 
13 665 35 739 1 0.171401 
270 642 320 694 1 0.170830 
217 796 251 857 1 0.169279 
171 559 224 613 1 0.169214 
121 987 186 1023 1 0.169102 
33 1008 102 1024 1 0.168940 
217 988 287 1022 1 0.168690 
33 779 86 836 1 0.168638 
17 1009 83 1024 1 0.167815 
481 553 512 613 1 0.167681 
1 983 52 1024 1 0.167626 
126 539 179 594 1 0.167500 
80 520 131 545 1 0.167031 
11 523 62 583 1 0.166969 
0 515 49 565 1 0.166966 
3 1008 65 1024 1 0.166335 
95 656 147 712 1 0.165770 
273 653 325 706 1 0.165592 
89 990 148 1024 1 0.165538 
151 512 226 531 1 0.165312 
77 670 134 725 1 0.165291 
12 516 66 562 1 0.165081 
28 1013 50 1024 1 0.165002 
0 513 28 564 1 0.165002 
441 875 472 927 1 0.164911 
109 708 164 766 1 0.164878 
139 540 191 596 1 0.164802 
0 952 44 1013 1 0.164719 
8 620 66 677 1 0.164714 
0 517 16 576 1 0.163741 
0 522 28 591 1 0.163633 
60 959 117 1013 1 0.163399 
0 976 31 1024 1 0.163259 
451 512 509 539 1 0.162773 
277 669 326 718 1 0.162479 
152 558 209 610 1 0.162376 
155 575 211 624 1 0.162285 
115 1010 186 1024 1 0.162234 
58 669 116 724 1 0.161579 
393 514 466 558 1 0.161385 
155 713 207 768 1 0.161294 
44 994 118 1024 1 0.161027 
1 523 44 584 1 0.160667 
42 524 94 586 1 0.159527 
372 807 394 861 1 0.159452 
61 517 112 545 1 0.159269 
42 512 99 558 1 0.159092 
125 699 180 755 1 0.159048 
285 643 335 699 1 0.159038 
6 578 34 645 1 0.158872 
0 934 45 995 1 0.158419 
308 845 343 896 1 0.158110 
123 514 182 563 1 0.158088 
22 992 94 1024 1 0.158033 
58 637 112 688 1 0.157880 
109 512 175 535 1 0.157601 
489 512 512 527 1 0.157370 
357 867 389 912 1 0.157292 
94 710 150 766 1 0.156992 
26 514 81 564 1 0.156970 
223 815 253 875 1 0.156792 
112 543 164 595 1 0.156742 
319 677 370 730 1 0.156659 
471 550 508 622 1 0.156635 
30 534 78 598 1 0.156605 
128 556 177 606 1 0.156461 
44 625 104 676 1 0.156368 
57 514 119 557 1 0.156273 
75 518 134 558 1 0.156217 
96 619 145 674 1 0.156189 
287 992 373 1024 1 0.155915 
10 635 63 695 1 0.155882 
97 983 169 1020 1 0.155708 
93 637 146 690 1 0.155597 
429 823 471 871 1 0.155424 
109 525 163 578 1 0.155268 
411 519 475 542 1 0.155017 
480 512 512 562 1 0.155011 
444 553 500 616 1 0.154522 
266 992 341 1024 1 0.154491 
422 567 462 620 1 0.154375 
255 638 306 689 1 0.154207 
755 721 755 791 1 0.265177 
690 1009 771 1022 1 0.194171 
861 989 936 1024 1 0.181191 
842 959 900 1010 1 0.180989 
738 982 803 1022 1 0.180876 
857 961 917 1012 1 0.180193 
699 930 753 975 1 0.179764 
764 983 831 1020 1 0.178365 
1001 1008 1024 1024 1 0.178044 
897 1009 972 1023 1 0.177647 
847 986 915 1022 1 0.177192 
720 980 786 1018 1 0.169618 
875 960 934 1012 1 0.167949 
828 992 888 1022 1 0.167124 
931 1009 994 1024 1 0.166833 
525 521 548 573 1 0.165762 
694 669 728 727 1 0.165491 
861 922 914 980 1 0.164615 
928 985 998 1024 1 0.164313 
854 999 910 1024 1 0.164056 
757 969 816 1015 1 0.162956 
602 942 639 993 1 0.162267 
993 566 1023 629 1 0.162013 
781 982 849 1021 1 0.161978 
992 597 1024 659 1 0.161583 
714 725 741 787 1 0.160929 
814 994 870 1024 1 0.160417 
637 881 685 931 1 0.160063 
888 988 959 1024 1 0.160032 
571 846 627 897 1 0.159642 
558 513 622 555 1 0.159184 
534 833 551 898 1 0.159111 
1011 818 1023 897 1 0.158827 
859 942 914 998 1 0.158615 
846 895 895 955 1 0.158596 
658 1009 741 1023 1 0.158440 
602 989 675 1021 1 0.157956 
943 521 1005 562 1 0.157751 
514 512 567 538 1 0.157344 
731 946 785 994 1 0.157158 
800 834 827 891 1 0.157130 
606 863 656 912 1 0.156886 
792 964 851 1012 1 0.156624 
747 524 801 565 1 0.156545 
1010 673 1023 751 1 0.156365 
650 896 703 942 1 0.155907 
686 915 737 962 1 0.155801 
576 517 643 556 1 0.155612 
861 891 909 956 1 0.155576 
667 911 720 959 1 0.155568 
620 875 669 925 1 0.155528 
512 876 556 937 1 0.155461 
864 1008 944 1023 1 0.155408 
816 528 864 567 1 0.155313 
654 1002 720 1024 1 0.155037 
833 1009 906 1024 1 0.154907 
892 960 951 1013 1 0.154891 
851 531 898 570 1 0.154884 
987 581 1024 648 1 0.154843 
930 528 985 551 1 0.154621 
526 515 593 541 1 0.154225 
909 960 966 1014 1 0.154150 
521 986 579 1023 1 0.153841 
875 942 929 996 1 0.153556 
807 980 871 1023 1 0.153475 
953 992 1011 1024 1 0.153212 
997 553 1023 617 1 0.152901 
819 909 870 964 1 0.152688 
765 526 817 565 1 0.152583 
962 1009 1024 1023 1 0.152485 
669 1000 734 1024 1 0.152322 
1011 863 1023 954 1 0.152041 
1000 622 1024 683 1 0.152005 
612 523 670 559 1 0.151916 
984 528 1024 553 1 0.151872 
630 520 680 561 1 0.151678 
812 959 870 1010 1 0.151602 
523 805 544 876 1 0.151448 
617 950 664 999 1 0.151330 
903 521 964 547 1 0.151292 
843 918 896 976 1 0.150887 
976 994 1024 1024 1 0.150858 
603 877 658 925 1 0.150682 
701 984 769 1018 1 0.150371 
829 528 879 565 1 0.149905 
722 1009 795 1024 1 0.149657 
748 945 804 995 1 0.149652 
590 862 641 912 1 0.149647 
815 896 865 950 1 0.149226 
708 522 769 562 1 0.149037 
687 1002 748 1024 1 0.148916 
832 943 884 1001 1 0.148525 
789 913 835 968 1 0.148518 
883 992 941 1008 1 0.148486 
735 968 794 1014 1 0.148474 
516 834 538 900 1 0.148379 
697 996 761 1021 1 0.148337 
1010 659 1023 731 1 0.148025 
799 946 852 995 1 0.147923 
893 942 948 998 1 0.147633 
1362 824 1362 886 1 0.241807 
1301 975 1360 1021 1 0.186850 
1276 971 1330 1019 1 0.186359 
1217 553 1262 619 1 0.183581 
1162 742 1225 806 1 0.183325 
1232 563 1278 618 1 0.182161 
1269 940 1315 1008 1 0.181728 
1112 657 1168 722 1 0.178876 
1212 536 1261 605 1 0.177831 
1102 680 1157 741 1 0.176951 
1366 979 1429 1021 1 0.176806 
1024 1008 1051 1023 1 0.176278 
1158 708 1246 811 1 0.175161 
1319 953 1377 1006 1 0.175035 
1197 745 1259 811 1 0.174927 
1268 924 1314 991 1 0.174483 
1245 564 1292 613 1 0.174345 
1089 682 1140 745 1 0.174238 
1129 656 1184 719 1 0.173377 
1317 527 1385 575 1 0.172784 
1304 954 1360 1011 1 0.172654 
1254 559 1304 611 1 0.172450 
1505 662 1535 731 1 0.172308 
1179 523 1237 576 1 0.171410 
1369 575 1430 633 1 0.171346 
1386 586 1444 647 1 0.171311 
1103 697 1154 757 1 0.171310 
1309 933 1362 992 1 0.170867 
1193 724 1249 783 1 0.170584 
1143 678 1200 737 1 0.169993 
1272 555 1328 607 1 0.169781 
1143 659 1201 722 1 0.169242 
1255 569 1308 625 1 0.168813 
1187 739 1247 803 1 0.168617 
1265 905 1313 970 1 0.168547 
1179 792 1231 848 1 0.168052 
1508 534 1536 603 1 0.167821 
1222 583 1267 651 1 0.167691 
1491 545 1533 620 1 0.167590 
1387 512 1461 536 1 0.167425 
1131 640 1187 702 1 0.167269 
1028 1009 1093 1023 1 0.167135 
1178 747 1235 811 1 0.166985 
1161 527 1208 549 1 0.166584 
1287 587 1346 646 1 0.166466 
1157 676 1214 735 1 0.166453 
1275 910 1323 969 1 0.166240 
1232 586 1276 648 1 0.166179 
1369 512 1440 534 1 0.166048 
1277 890 1321 948 1 0.166001 
1335 518 1401 560 1 0.165959 
1168 756 1183 805 1 0.165782 
1470 521 1532 583 1 0.165718 
1219 907 1268 967 1 0.165683 
1273 587 1329 646 1 0.165539 
1181 773 1233 832 1 0.165342 
1081 671 1143 767 1 0.164737 
1263 863 1305 920 1 0.164658 
1338 554 1399 609 1 0.164651 
1447 954 1483 1010 1 0.164632 
1092 661 1146 722 1 0.164504 
1101 645 1175 733 1 0.164439 
1115 693 1169 751 1 0.163712 
1323 931 1377 990 1 0.163611 
1416 512 1494 535 1 0.163605 
1175 512 1241 554 1 0.163596 
1216 512 1234 539 1 0.163498 
1459 986 1522 1023 1 0.163453 
1292 544 1348 593 1 0.163245 
1072 624 1121 681 1 0.163170 
1211 722 1268 781 1 0.163077 
1127 677 1186 735 1 0.163005 
1024 617 1063 682 1 0.162965 
1105 644 1161 704 1 0.162906 
1307 909 1359 967 1 0.162705 
1053 530 1095 571 1 0.162620 
1231 923 1282 982 1 0.162464 
1215 823 1266 884 1 0.162407 
1312 1009 1383 1024 1 0.162155 
1264 888 1309 951 1 0.162043 
1219 937 1274 996 1 0.161865 
1332 644 1392 698 1 0.161509 
1351 518 1419 561 1 0.161412 
1523 872 1534 981 1 0.161392 
1116 733 1166 794 1 0.161157 
1305 540 1365 593 1 0.161153 
1063 541 1075 628 1 0.161022 
1260 585 1312 643 1 0.160950 
1155 513 1218 536 1 0.160929 
1389 805 1433 859 1 0.160706 
1220 567 1266 634 1 0.160705 
1355 577 1415 633 1 0.160604 
1173 658 1231 721 1 0.160588 
1207 946 1259 997 1 0.160554 
1323 540 1382 596 1 0.160503 
1325 573 1383 630 1 0.160076 
1156 512 1234 525 1 0.159985 
1505 516 1536 582 1 0.159953 
1508 788 1535 859 1 0.159905 
1447 512 1518 538 1 0.159780 
1741 798 1799 851 1 0.205481 
1755 809 1814 859 1 0.204590 
1961 924 2026 968 1 0.204453 
1722 512 1799 553 1 0.203152 
1817 860 1877 903 1 0.202241 
1910 980 2010 1022 1 0.201731 
1897 904 1957 954 1 0.200265 
1955 910 2007 929 1 0.199740 
1629 680 1682 728 1 0.199630 
1727 793 1786 851 1 0.198799 
1790 843 1850 893 1 0.198545 
1726 778 1783 833 1 0.198533 
1802 859 1863 908 1 0.198514 
1921 964 1995 1014 1 0.197411 
1804 845 1866 893 1 0.196314 
1536 512 1587 586 1 0.195779 
1631 713 1686 765 1 0.194464 
1648 728 1706 783 1 0.194036 
1886 892 1942 941 1 0.193277 
1832 849 1890 894 1 0.190915 
1727 763 1783 817 1 0.190612 
1811 741 1879 802 1 0.189839 
1869 890 1929 941 1 0.188254 
1560 662 1621 721 1 0.188158 
1897 880 1953 934 1 0.187540 
1832 758 1890 819 1 0.187178 
1647 715 1702 768 1 0.186012 
1771 814 1831 863 1 0.185955 
1638 601 1701 660 1 0.185452 
1615 673 1675 723 1 0.184592 
1536 559 1577 636 1 0.184590 
1743 781 1797 839 1 0.184504 
1599 678 1657 730 1 0.184236 
1836 863 1895 907 1 0.183753 
1934 914 1991 959 1 0.183052 
1829 849 1911 914 1 0.182378 
1634 702 1683 753 1 0.181620 
1686 587 1748 649 1 0.181535 
1831 836 1889 884 1 0.181348 
1828 795 1888 853 1 0.181008 
1815 875 1877 921 1 0.180422 
1771 672 1830 734 1 0.180408 
1789 861 1848 914 1 0.180344 
1935 925 1998 968 1 0.180287 
1977 920 2041 970 1 0.179879 
1951 988 2041 1022 1 0.179790 
1952 881 2044 956 1 0.179547 
1867 906 1928 957 1 0.179480 
1883 905 1942 954 1 0.179458 
1891 982 1978 1024 1 0.179312 
1997 976 2048 1022 1 0.179090 
1712 615 1779 678 1 0.178995 
1659 720 1716 772 1 0.178905 
1706 763 1770 813 1 0.178143 
1788 760 1843 814 1 0.178125 
1814 833 1873 884 1 0.177959 
1790 747 1850 805 1 0.177910 
1954 960 2026 1012 1 0.177826 
1788 825 1847 873 1 0.177366 
1581 663 1637 722 1 0.177327 
1818 710 1876 772 1 0.177139 
1915 882 2009 954 1 0.176797 
1803 754 1858 814 1 0.176747 
1801 710 1856 773 1 0.176711 
1615 712 1670 768 1 0.176171 
1536 513 1550 585 1 0.176160 
2005 933 2048 1004 1 0.175994 
1916 909 1974 955 1 0.175877 
2008 836 2048 981 1 0.175690 
2004 873 2047 950 1 0.175675 
1658 701 1712 753 1 0.175630 
1921 923 1976 968 1 0.175501 
1982 934 2042 995 1 0.175388 
1961 936 2024 988 1 0.175148 
1753 831 1867 921 1 0.175048 
1955 912 2048 972 1 0.174974 
1712 596 1779 661 1 0.174943 
1644 709 1723 777 1 0.174715 
1938 894 1999 1024 1 0.174665 
1817 754 1876 814 1 0.174554 
1869 881 1948 945 1 0.174527 
1892 886 1973 950 1 0.174198 
1628 641 1684 698 1 0.173742 
1774 842 1834 893 1 0.173557 
2032 982 2048 1024 1 0.173549 
1863 866 1919 921 1 0.172735 
1838 873 1898 923 1 0.172640 
1895 759 1953 822 1 0.172612 
1972 890 2048 1003 1 0.172243 
1708 778 1767 832 1 0.171930 
1844 617 1913 682 1 0.171843 
1692 733 1749 784 1 0.171718 
1737 822 1795 875 1 0.171689 
1676 731 1732 783 1 0.171606 
1717 583 1782 646 1 0.171568 
1628 727 1689 784 1 0.171535 
1598 529 1662 552 1 0.171482 
1615 698 1671 749 1 0.171357 
1824 785 1914 856 1 0.171286 
1754 693 1810 757 1 0.171220 
313 1307 313 1376 1 0.239827 
0 1489 52 1534 1 0.189413 
414 1491 477 1534 1 0.184871 
86 1030 169 1066 1 0.179999 
263 1067 315 1128 1 0.174794 
126 1521 210 1535 1 0.172558 
393 1491 462 1534 1 0.172090 
3 1411 41 1479 1 0.170017 
0 1510 16 1536 1 0.168807 
134 1503 213 1536 1 0.167460 
455 1024 511 1053 1 0.166552 
218 1061 277 1114 1 0.166048 
427 1489 493 1530 1 0.165946 
176 1246 230 1304 1 0.165892 
451 1029 509 1074 1 0.164960 
427 1472 490 1524 1 0.164114 
197 1024 261 1039 1 0.162262 
392 1472 455 1527 1 0.162031 
300 1040 353 1062 1 0.160049 
209 1074 271 1124 1 0.159870 
237 1061 293 1117 1 0.159211 
173 1277 228 1333 1 0.158899 
130 1029 210 1065 1 0.158761 
0 1424 39 1501 1 0.157926 
157 1261 213 1317 1 0.157726 
238 1506 292 1535 1 0.157419 
57 1031 130 1065 1 0.157097 
272 1074 320 1144 1 0.157038 
204 1037 258 1092 1 0.156300 
37 1417 68 1479 1 0.156049 
379 1493 444 1534 1 0.155958 
164 1278 212 1336 1 0.155617 
429 1504 488 1536 1 0.155468 
186 1304 245 1361 1 0.154737 
411 1471 472 1525 1 0.154372 
481 1055 512 1082 1 0.154144 
0 1450 41 1527 1 0.153921 
242 1075 296 1130 1 0.153898 
0 1247 37 1320 1 0.153459 
229 1104 277 1161 1 0.153346 
1 1467 32 1536 1 0.152961 
473 1024 512 1058 1 0.152644 
472 1071 511 1146 1 0.152153 
164 1024 232 1037 1 0.151950 
359 1521 423 1535 1 0.151887 
253 1506 308 1536 1 0.151870 
317 1031 384 1068 1 0.151856 
498 1073 511 1151 1 0.151856 
14 1512 43 1536 1 0.151745 
251 1061 306 1116 1 0.151222 
444 1381 489 1441 1 0.150931 
408 1034 470 1056 1 0.150874 
219 1112 265 1158 1 0.150673 
114 1108 156 1168 1 0.150547 
223 1079 279 1132 1 0.150097 
191 1244 242 1308 1 0.150089 
212 1090 267 1136 1 0.149671 
186 1339 233 1398 1 0.149305 
363 1493 427 1532 1 0.148668 
367 1423 402 1483 1 0.148532 
11 1497 84 1532 1 0.148305 
163 1499 238 1535 1 0.148273 
155 1228 217 1286 1 0.147550 
326 1068 353 1093 1 0.147129 
359 1036 419 1075 1 0.146788 
319 1495 386 1532 1 0.146404 
439 1041 489 1063 1 0.146311 
147 1075 175 1098 1 0.146138 
281 1035 341 1074 1 0.146071 
220 1043 270 1099 1 0.145939 
397 1321 445 1374 1 0.145843 
216 1372 254 1430 1 0.145510 
121 1293 181 1343 1 0.145413 
1 1520 64 1536 1 0.145390 
342 1414 381 1471 1 0.145378 
28 1498 111 1531 1 0.145074 
255 1026 319 1066 1 0.144938 
106 1031 182 1070 1 0.144884 
163 1334 203 1391 1 0.144652 
149 1315 200 1364 1 0.144623 
140 1260 196 1315 1 0.144400 
380 1288 427 1337 1 0.144199 
181 1092 238 1142 1 0.144003 
188 1276 243 1333 1 0.143826 
458 1492 503 1534 1 0.143473 
129 1108 170 1168 1 0.143319 
371 1326 405 1376 1 0.143298 
37 1378 51 1462 1 0.143235 
475 1210 512 1281 1 0.143234 
474 1047 511 1119 1 0.143009 
374 1277 413 1328 1 0.142977 
102 1283 158 1334 1 0.142975 
261 1125 299 1190 1 0.142961 
332 1426 372 1481 1 0.142879 
141 1274 195 1330 1 0.142524 
203 1292 257 1353 1 0.142376 
385 1265 417 1326 1 0.142201 
99 1316 134 1375 1 0.142008 
120 1274 180 1327 1 0.142002 
117 1098 160 1151 1 0.141988 
849 1332 849 1399 1 0.256991 
945 1521 1015 1535 1 0.202861 
926 1195 983 1257 1 0.192785 
1012 1514 1024 1536 1 0.189416 
939 1161 995 1224 1 0.185108 
996 1487 1024 1535 1 0.184955 
976 1432 1022 1500 1 0.184441 
994 1147 1024 1209 1 0.183461 
982 1078 1022 1138 1 0.183219 
957 1165 1012 1224 1 0.182504 
948 1150 1024 1262 1 0.181408 
973 1175 1020 1242 1 0.181229 
975 1500 1023 1536 1 0.180993 
958 1503 1013 1536 1 0.180432 
982 1024 1024 1057 1 0.179300 
943 1416 1001 1475 1 0.178794 
973 1419 1020 1481 1 0.178716 
592 1496 666 1533 1 0.178536 
1000 1520 1024 1535 1 0.178425 
521 1219 554 1292 1 0.178140 
940 1065 994 1115 1 0.178089 
969 1406 1016 1468 1 0.177724 
577 1471 650 1523 1 0.177515 
927 1406 984 1463 1 0.177409 
959 1195 1016 1254 1 0.177348 
959 1065 1012 1115 1 0.177250 
992 1166 1024 1225 1 0.176845 
538 1041 586 1082 1 0.176554 
1008 1477 1023 1528 1 0.176024 
559 1501 610 1536 1 0.175993 
990 1466 1024 1524 1 0.175897 
660 1042 711 1078 1 0.175675 
994 1129 1024 1192 1 0.175408 
954 1394 1012 1452 1 0.174753 
834 1029 896 1052 1 0.174694 
670 1039 727 1076 1 0.174550 
928 1222 981 1277 1 0.173906 
993 1385 1024 1447 1 0.172981 
940 1198 996 1258 1 0.172912 
988 1180 1023 1237 1 0.172898 
761 1497 829 1531 1 0.172358 
526 1495 586 1534 1 0.170647 
976 1415 992 1463 1 0.170351 
940 1462 996 1523 1 0.169981 
932 1024 991 1053 1 0.169091 
928 1054 979 1101 1 0.168793 
614 1351 639 1402 1 0.168308 
989 1402 1024 1460 1 0.168268 
953 1135 1012 1192 1 0.168112 
666 1502 735 1536 1 0.167996 
941 1433 997 1494 1 0.167682 
958 1461 1015 1522 1 0.166881 
926 1173 981 1239 1 0.166529 
907 1414 965 1474 1 0.166267 
940 1504 999 1536 1 0.165586 
910 1216 960 1270 1 0.165343 
909 1037 963 1083 1 0.165219 
890 1274 921 1339 1 0.164863 
982 1062 1023 1120 1 0.164806 
882 1026 947 1051 1 0.164764 
913 1237 947 1286 1 0.164743 
970 1025 1021 1070 1 0.164077 
944 1262 985 1320 1 0.163793 
978 1148 1024 1275 1 0.163751 
854 1031 912 1054 1 0.163745 
886 1511 944 1536 1 0.163651 
562 1488 618 1535 1 0.163581 
954 1209 1011 1266 1 0.163315 
858 1027 918 1062 1 0.163266 
817 1027 880 1051 1 0.163143 
578 1488 646 1528 1 0.162953 
955 1222 1010 1282 1 0.162945 
873 1475 922 1525 1 0.162844 
801 1029 862 1055 1 0.162809 
1007 1492 1024 1536 1 0.162720 
979 1032 1022 1092 1 0.162310 
523 1236 559 1309 1 0.162241 
875 1495 946 1534 1 0.162065 
962 1486 1018 1536 1 0.162064 
512 1109 551 1175 1 0.161845 
778 1033 839 1058 1 0.161779 
801 1498 879 1534 1 0.161676 
895 1043 947 1086 1 0.161393 
1000 1502 1024 1520 1 0.161216 
992 1413 1007 1463 1 0.160854 
957 1024 1018 1052 1 0.160505 
564 1058 589 1121 1 0.160161 
554 1260 588 1325 1 0.160103 
736 1030 797 1067 1 0.160046 
927 1435 980 1499 1 0.159944 
911 1435 964 1497 1 0.159903 
992 1024 1024 1070 1 0.159794 
996 1369 1024 1430 1 0.159151 
981 1519 1024 1536 1 0.158986 
983 1112 1024 1247 1 0.158685 
926 1037 980 1086 1 0.158589 
902 1136 955 1151 1 0.158107 
824 1501 895 1536 1 0.158006 
989 1451 1023 1510 1 0.157984 
896 1404 950 1462 1 0.157950 
1337 1305 1337 1371 1 0.293231 
1024 1426 1196 1530 1 0.209124 
1312 1044 1355 1072 1 0.208490 
1033 1130 1053 1192 1 0.200932 
1099 1472 1162 1528 1 0.200520 
1024 1503 1051 1520 1 0.199925 
1030 1450 1089 1505 1 0.194284 
1494 1341 1535 1401 1 0.190306 
1086 1488 1154 1533 1 0.189671 
1390 1122 1443 1185 1 0.188914 
1355 1146 1408 1204 1 0.188010 
1282 1166 1333 1227 1 0.187653 
1375 1298 1425 1344 1 0.186833 
1370 1164 1428 1217 1 0.186157 
1288 1256 1347 1306 1 0.186140 
1338 1279 1389 1323 1 0.186119 
1024 1521 1052 1536 1 0.184748 
1504 1148 1536 1209 1 0.184500 
1374 1143 1430 1203 1 0.184444 
1458 1343 1508 1388 1 0.184334 
1339 1145 1390 1199 1 0.183930 
1028 1143 1051 1203 1 0.183650 
1136 1424 1184 1484 1 0.183545 
1121 1455 1173 1514 1 0.183083 
1274 1279 1333 1329 1 0.182477 
1303 1258 1359 1309 1 0.182263 
1437 1324 1490 1373 1 0.182190 
1478 1470 1530 1523 1 0.181157 
1488 1119 1532 1183 1 0.181002 
1353 1081 1515 1286 1 0.180852 
1118 1474 1171 1524 1 0.180651 
1034 1494 1095 1534 1 0.180296 
1453 1391 1511 1437 1 0.180169 
1401 1130 1455 1189 1 0.179728 
1163 1421 1215 1475 1 0.179611 
1335 1375 1384 1392 1 0.179605 
1175 1491 1233 1535 1 0.178811 
1287 1029 1343 1080 1 0.178781 
1450 1325 1504 1371 1 0.178585 
1340 1125 1389 1187 1 0.178395 
1156 1376 1207 1437 1 0.178238 
1473 1343 1523 1392 1 0.178101 
1032 1110 1052 1173 1 0.177375 
1521 1333 1535 1394 1 0.176751 
1472 1030 1534 1070 1 0.176500 
1120 1436 1173 1501 1 0.175976 
1357 1280 1405 1327 1 0.175252 
1319 1439 1363 1486 1 0.175152 
1104 1442 1158 1503 1 0.174721 
1229 1228 1285 1285 1 0.174593 
1230 1245 1286 1302 1 0.174578 
1286 1351 1339 1401 1 0.174470 
1298 1374 1343 1428 1 0.174329 
1388 1096 1441 1155 1 0.173984 
1494 1158 1535 1224 1 0.173465 
1283 1183 1329 1240 1 0.173421 
1336 1165 1390 1218 1 0.173297 
1408 1309 1457 1357 1 0.172703 
1294 1386 1350 1443 1 0.172671 
1358 1298 1407 1342 1 0.172023 
1452 1141 1507 1199 1 0.171769 
1257 1288 1316 1345 1 0.171660 
1132 1454 1182 1506 1 0.171554 
1204 1297 1258 1356 1 0.171315 
1039 1508 1093 1536 1 0.171302 
1339 1467 1371 1522 1 0.171260 
1471 1144 1525 1202 1 0.171195 
1239 1265 1294 1323 1 0.171102 
1424 1325 1474 1373 1 0.171062 
1247 1224 1300 1286 1 0.170696 
1315 1230 1375 1284 1 0.170567 
1453 1410 1508 1457 1 0.170061 
1030 1471 1057 1529 1 0.169752 
1491 1453 1532 1511 1 0.169441 
1027 1520 1090 1535 1 0.169413 
1454 1198 1507 1254 1 0.169315 
1083 1457 1141 1513 1 0.168868 
1072 1476 1131 1527 1 0.168796 
1473 1163 1526 1222 1 0.168618 
1153 1438 1201 1489 1 0.168311 
1155 1409 1202 1468 1 0.168144 
1298 1102 1342 1166 1 0.168080 
1059 1532 1079 1536 1 0.168009 
1392 1311 1442 1359 1 0.167914 
1026 1176 1064 1233 1 0.167806 
1218 1264 1276 1324 1 0.167307 
1354 1128 1407 1188 1 0.167287 
1423 1183 1478 1247 1 0.166967 
1388 1160 1442 1218 1 0.166712 
1193 1029 1252 1066 1 0.166307 
1441 1522 1527 1534 1 0.166283 
1492 1103 1533 1166 1 0.166251 
1442 1135 1500 1152 1 0.166216 
1419 1395 1479 1442 1 0.166135 
1042 1444 1101 1496 1 0.165946 
1423 1162 1477 1224 1 0.165731 
1299 1045 1345 1072 1 0.165616 
1173 1361 1225 1420 1 0.165605 
1475 1521 1536 1536 1 0.165547 
1439 1409 1494 1456 1 0.165478 
1806 1266 1806 1332 1 0.268802 
1549 1389 1570 1448 1 0.226861 
1560 1190 1579 1262 1 0.199004 
1543 1396 1568 1458 1 0.197909 
1560 1185 1618 1241 1 0.192343 
1536 1143 1574 1216 1 0.191526 
1935 1265 1990 1321 1 0.191416 
1914 1502 1982 1534 1 0.189578 
1543 1161 1570 1231 1 0.188790 
1536 1137 1550 1209 1 0.187659 
2033 1448 2048 1503 1 0.184901 
1608 1501 1680 1534 1 0.184537 
1542 1437 1601 1492 1 0.183612 
1536 1357 1562 1417 1 0.183408 
1591 1193 1647 1248 1 0.182801 
2009 1052 2047 1133 1 0.182625 
1591 1026 1667 1053 1 0.182035 
1586 1229 1599 1309 1 0.181314 
1726 1257 1750 1315 1 0.181269 
1774 1472 1827 1521 1 0.181050 
1819 1498 1883 1532 1 0.180812 
1705 1498 1783 1531 1 0.180677 
1771 1492 1837 1534 1 0.179637 
1900 1309 1955 1366 1 0.179315 
1536 1408 1564 1468 1 0.179071 
1794 1476 1844 1523 1 0.179023 
1802 1366 1844 1417 1 0.179004 
1572 1441 1633 1487 1 0.178125 
1929 1280 1993 1337 1 0.177878 
1796 1351 1842 1401 1 0.177629 
1543 1423 1599 1476 1 0.176840 
1918 1226 1973 1287 1 0.175799 
1951 1507 2024 1536 1 0.175768 
1698 1521 1778 1535 1 0.175730 
1948 1238 2005 1303 1 0.175662 
1536 1466 1582 1521 1 0.175332 
1548 1157 1611 1250 1 0.175264 
1553 1191 1590 1264 1 0.175034 
1790 1499 1854 1536 1 0.174695 
1546 1142 1595 1209 1 0.174456 
1549 1180 1608 1237 1 0.174364 
1536 1167 1550 1243 1 0.174292 
1945 1279 2014 1335 1 0.174057 
1872 1420 1919 1466 1 0.173846 
1968 1241 2023 1308 1 0.173606 
1862 1497 1934 1534 1 0.173372 
1763 1511 1816 1536 1 0.172813 
1687 1503 1767 1533 1 0.172655 
1545 1160 1600 1225 1 0.171902 
1554 1440 1615 1488 1 0.171610 
1918 1242 1971 1304 1 0.171570 
1809 1037 1866 1058 1 0.171420 
2002 1492 2047 1536 1 0.171369 
1603 1025 1674 1070 1 0.171249 
1587 1210 1640 1271 1 0.171161 
1536 1420 1584 1480 1 0.171089 
1856 1421 1904 1469 1 0.171024 
1631 1502 1699 1534 1 0.170689 
1545 1027 1663 1063 1 0.170590 
1659 1502 1728 1535 1 0.170343 
1914 1386 1965 1433 1 0.169976 
1536 1102 1562 1121 1 0.169954 
1545 1408 1600 1457 1 0.169698 
1948 1264 2009 1322 1 0.169530 
2002 1204 2047 1278 1 0.169324 
1536 1026 1553 1039 1 0.169039 
2005 1175 2048 1249 1 0.168792 
1935 1227 1989 1286 1 0.168757 
1898 1498 1967 1533 1 0.168375 
1568 1025 1649 1051 1 0.168268 
1536 1406 1563 1424 1 0.168175 
1884 1399 1935 1447 1 0.167895 
2011 1025 2048 1155 1 0.167738 
1999 1064 2044 1206 1 0.167686 
1983 1209 2043 1273 1 0.167549 
1983 1140 2038 1208 1 0.167288 
1811 1048 1856 1069 1 0.167231 
1537 1115 1582 1176 1 0.167212 
1599 1024 1685 1047 1 0.166833 
1536 1123 1550 1190 1 0.166713 
1870 1310 1927 1365 1 0.166665 
1581 1025 1657 1068 1 0.166534 
1966 1142 2021 1203 1 0.166505 
1723 1441 1777 1488 1 0.166158 
1841 1459 1884 1509 1 0.165794 
1903 1293 1956 1352 1 0.165733 
1536 1151 1561 1169 1 0.165724 
1935 1390 1983 1437 1 0.165033 
1930 1373 1984 1419 1 0.164926 
1561 1032 1618 1086 1 0.164828 
1851 1308 1911 1362 1 0.164661 
1537 1110 1576 1248 1 0.164627 
1774 1522 1858 1536 1 0.164201 
1907 1522 1975 1536 1 0.164182 
1868 1277 1924 1339 1 0.164038 
1821 1457 1864 1508 1 0.163911 
2007 1028 2048 1104 1 0.163887 
1851 1259 1909 1321 1 0.163843 
1682 1521 1756 1535 1 0.163804 
2017 1091 2047 1164 1 0.163249 
308 1817 308 1890 1 0.196287 
60 1536 118 1578 1 0.182282 
4 2010 84 2045 1 0.179720 
300 1871 356 1943 1 0.178298 
450 1707 493 1752 1 0.177748 
309 1861 370 1922 1 0.176780 
417 1742 456 1794 1 0.175519 
0 1934 43 1999 1 0.174781 
80 1537 139 1578 1 0.174591 
3 1937 31 2002 1 0.173080 
451 1986 505 2039 1 0.172390 
443 1999 503 2046 1 0.171797 
0 2033 27 2048 1 0.170159 
0 2003 54 2041 1 0.169949 
35 1537 101 1581 1 0.169055 
57 2004 137 2044 1 0.168995 
483 2004 510 2047 1 0.167023 
283 1861 339 1922 1 0.166971 
376 2009 450 2047 1 0.166364 
490 2033 512 2047 1 0.166331 
1 1981 29 2048 1 0.166081 
314 1873 371 1945 1 0.165861 
0 1911 24 1980 1 0.164508 
329 2034 437 2046 1 0.164029 
487 2000 512 2017 1 0.163850 
110 1595 160 1653 1 0.163806 
433 1771 463 1832 1 0.163727 
431 1974 488 2030 1 0.163626 
6 1750 46 1834 1 0.163395 
77 1546 125 1600 1 0.163114 
411 1989 477 2041 1 0.163063 
434 1547 500 1584 1 0.162454 
127 1618 175 1671 1 0.161108 
367 1838 421 1894 1 0.160733 
58 1942 118 2006 1 0.160493 
0 1975 46 2038 1 0.160261 
447 2017 499 2048 1 0.160120 
66 1540 135 1565 1 0.159315 
467 1952 507 2023 1 0.158879 
255 1537 333 1573 1 0.158322 
496 1972 511 2034 1 0.158148 
251 1898 309 1963 1 0.158007 
151 1620 195 1675 1 0.157646 
115 2013 189 2047 1 0.157589 
453 1689 490 1738 1 0.157485 
7 1946 60 2004 1 0.157384 
109 1546 164 1585 1 0.157362 
87 1544 155 1567 1 0.157080 
494 2004 512 2048 1 0.156922 
41 1965 100 2020 1 0.156852 
93 1926 147 1994 1 0.156745 
0 1866 42 1950 1 0.156718 
398 1968 452 2028 1 0.156568 
344 1874 403 1938 1 0.156411 
73 1940 133 2009 1 0.156386 
416 1853 460 1913 1 0.156328 
62 1549 113 1602 1 0.156215 
132 2011 209 2047 1 0.155707 
483 1911 512 1971 1 0.155354 
411 2017 469 2047 1 0.155183 
203 1541 268 1580 1 0.154983 
0 1842 45 1926 1 0.154958 
252 1542 318 1579 1 0.154556 
472 1672 512 1740 1 0.154424 
413 1972 469 2029 1 0.154320 
352 1823 407 1874 1 0.153815 
331 1873 388 1943 1 0.153672 
416 1871 464 1926 1 0.153599 
9 2010 170 2046 1 0.153505 
56 1962 182 2044 1 0.153498 
262 1556 302 1613 1 0.153243 
266 1878 326 1941 1 0.153196 
205 2009 413 2047 1 0.153048 
438 1871 480 1928 1 0.152745 
287 1820 341 1881 1 0.152723 
24 1965 83 2018 1 0.152702 
498 1683 512 1758 1 0.152631 
143 2010 345 2046 1 0.152597 
93 1942 246 2043 1 0.152572 
23 1948 80 2001 1 0.152036 
312 1980 427 2046 1 0.151972 
97 1769 146 1829 1 0.151653 
184 1646 226 1703 1 0.151518 
107 1927 166 1995 1 0.151479 
293 2005 368 2043 1 0.151456 
299 1852 353 1909 1 0.151356 
70 1938 205 2040 1 0.151201 
337 1890 388 1968 1 0.151053 
398 1987 459 2041 1 0.151047 
470 1916 510 1980 1 0.150908 
298 2034 402 2047 1 0.150833 
480 1951 512 2010 1 0.150814 
32 1947 121 2040 1 0.150775 
294 1864 375 1965 1 0.150751 
41 1536 117 1562 1 0.150660 
470 2000 508 2016 1 0.150319 
166 1634 210 1687 1 0.150314 
488 1983 512 2001 1 0.150263 
239 1692 284 1750 1 0.150115 
171 1543 240 1582 1 0.149811 
792 1787 792 1852 1 0.236800 
911 2031 976 2048 1 0.204587 
900 2000 950 2017 1 0.202568 
907 1991 967 2045 1 0.201867 
512 2010 561 2048 1 0.200135 
890 1994 950 2040 1 0.191903 
944 2032 1014 2048 1 0.187027 
993 1735 1023 1802 1 0.187016 
921 2012 978 2048 1 0.186805 
891 2013 945 2048 1 0.184442 
984 1657 1023 1731 1 0.184156 
928 2003 997 2047 1 0.183625 
620 1950 682 2005 1 0.183268 
525 1815 551 1895 1 0.181246 
940 1673 997 1729 1 0.180784 
657 2007 724 2046 1 0.180139 
927 2031 995 2048 1 0.179600 
543 1921 606 1969 1 0.179579 
570 1911 627 1963 1 0.179326 
915 2000 969 2017 1 0.179279 
512 2015 541 2032 1 0.178766 
528 2032 598 2048 1 0.178515 
793 1823 841 1874 1 0.177576 
949 1550 1000 1574 1 0.176743 
516 2032 577 2048 1 0.176494 
898 2030 956 2048 1 0.176335 
871 1537 931 1560 1 0.176008 
956 1661 1012 1727 1 0.175885 
550 2021 616 2048 1 0.175684 
984 1627 1022 1699 1 0.175412 
694 1927 741 1978 1 0.175325 
603 1966 660 2022 1 0.174952 
991 1719 1021 1781 1 0.174820 
881 2031 943 2047 1 0.174241 
638 1936 694 1988 1 0.174049 
605 1952 663 2006 1 0.173638 
900 2004 1023 2047 1 0.173238 
512 1980 556 2040 1 0.172379 
584 1911 639 1971 1 0.172220 
907 2011 962 2048 1 0.171817 
512 2021 529 2048 1 0.171797 
770 1588 796 1649 1 0.171424 
619 1963 679 2019 1 0.170810 
883 1564 930 1619 1 0.170597 
599 2014 659 2047 1 0.170555 
673 1933 725 1990 1 0.170486 
921 1967 977 2027 1 0.170251 
980 1967 1024 2034 1 0.169661 
634 1960 694 2018 1 0.169559 
756 1889 807 1941 1 0.169524 
663 1959 722 2020 1 0.169386 
678 2011 743 2046 1 0.169014 
849 1819 895 1872 1 0.168556 
513 1966 543 2033 1 0.168449 
951 1867 1000 1908 1 0.168272 
814 1837 861 1887 1 0.167342 
678 1925 723 1976 1 0.166947 
636 1593 664 1666 1 0.166839 
830 1837 879 1887 1 0.166436 
773 1858 815 1912 1 0.166156 
982 1771 1020 1832 1 0.165852 
940 1599 994 1655 1 0.165808 
518 1951 547 2014 1 0.165295 
633 1605 658 1673 1 0.164972 
875 1987 955 2048 1 0.164813 
527 2017 593 2047 1 0.164508 
610 1934 660 1990 1 0.164272 
896 1975 953 2030 1 0.164225 
974 1544 1024 1568 1 0.164111 
801 1764 853 1813 1 0.164106 
923 1598 975 1655 1 0.164090 
927 1951 980 2005 1 0.163855 
907 1661 962 1718 1 0.163821 
776 1818 829 1870 1 0.163526 
998 1754 1024 1816 1 0.163391 
906 1677 965 1732 1 0.163252 
870 2001 932 2046 1 0.163195 
900 1984 952 1999 1 0.163129 
512 1903 553 1960 1 0.163063 
720 1712 744 1768 1 0.163053 
529 1801 555 1883 1 0.162829 
982 1785 1022 1845 1 0.162749 
945 2007 1016 2045 1 0.162740 
665 1982 726 2040 1 0.162661 
793 1618 816 1673 1 0.162506 
512 1945 557 2002 1 0.162025 
799 1835 843 1887 1 0.161933 
643 2003 712 2043 1 0.161898 
889 1562 925 1587 1 0.161872 
990 1688 1023 1751 1 0.161789 
782 1832 827 1886 1 0.161675 
655 1919 706 1973 1 0.161538 
827 2010 894 2043 1 0.161252 
912 1939 975 2048 1 0.161229 
542 1967 595 2020 1 0.161089 
604 1914 657 1972 1 0.160987 
516 1544 567 1581 1 0.160908 
593 2033 668 2047 1 0.160831 
620 1980 678 2036 1 0.160768 
519 1828 547 1905 1 0.160528 
1257 1738 1258 1798 1 0.277783 
1072 1978 1232 2048 1 0.224417 
1031 1646 1054 1723 1 0.217451 
1039 1632 1056 1718 1 0.216590 
1477 1872 1533 1936 1 0.205202 
1027 1646 1065 1708 1 0.204850 
1099 1789 1148 1837 1 0.203311 
1025 2000 1077 2042 1 0.202690 
1456 1752 1504 1810 1 0.201697 
1448 1726 1505 1780 1 0.201649 
1024 1749 1072 1807 1 0.199031 
1028 1626 1066 1695 1 0.197910 
1065 1902 1077 1966 1 0.196845 
1024 1536 1116 1576 1 0.196050 
1454 1875 1515 1938 1 0.193836 
1024 1704 1070 1764 1 0.192097 
1451 1740 1504 1795 1 0.191883 
1045 1541 1102 1590 1 0.189500 
1427 1818 1473 1879 1 0.189193 
1028 1607 1067 1680 1 0.188487 
1425 1802 1473 1860 1 0.188111 
1456 1784 1507 1845 1 0.187920 
1024 1829 1064 1883 1 0.187745 
1499 1802 1536 1870 1 0.187531 
1096 1536 1151 1549 1 0.186909 
1106 1985 1174 2036 1 0.186878 
1026 1771 1073 1826 1 0.186873 
1291 1636 1350 1683 1 0.186574 
1029 1808 1056 1867 1 0.186460 
1026 1553 1072 1612 1 0.186418 
1256 1898 1313 1960 1 0.186115 
1068 1800 1119 1849 1 0.185937 
1495 1784 1536 1855 1 0.185420 
1034 1753 1090 1808 1 0.185333 
1435 1723 1490 1780 1 0.185039 
1356 1549 1413 1585 1 0.184449 
1452 1895 1510 1952 1 0.184419 
1487 1917 1533 1984 1 0.184235 
1024 1655 1051 1723 1 0.184034 
1428 1835 1474 1896 1 0.183750 
1092 1969 1159 2021 1 0.183486 
1024 1726 1069 1787 1 0.183049 
1439 1738 1488 1796 1 0.182505 
1051 1759 1104 1811 1 0.182151 
1024 1738 1053 1801 1 0.181459 
1082 1797 1134 1847 1 0.181357 
1379 1678 1423 1727 1 0.181295 
1464 1842 1536 1906 1 0.181158 
1024 1977 1052 2044 1 0.181038 
1049 1747 1100 1798 1 0.180830 
1487 1853 1536 1910 1 0.180292 
1496 1818 1535 1887 1 0.180181 
1104 2004 1182 2043 1 0.179898 
1432 1537 1503 1575 1 0.179619 
1251 1945 1295 2017 1 0.179405 
1483 1890 1530 1955 1 0.179280 
1024 1682 1068 1743 1 0.179054 
1037 1802 1088 1854 1 0.179038 
1028 1906 1052 1968 1 0.178942 
1379 1737 1444 1786 1 0.178688 
1046 1619 1062 1712 1 0.178350 
1024 2032 1050 2048 1 0.178167 
1416 1549 1476 1579 1 0.177109 
1458 1932 1509 1987 1 0.177109 
1028 1799 1074 1852 1 0.177048 
1038 2006 1102 2046 1 0.176878 
1347 2011 1424 2046 1 0.176842 
1047 1811 1099 1860 1 0.176565 
1332 1547 1397 1585 1 0.176291 
1055 1875 1069 1943 1 0.175854 
1049 1729 1102 1782 1 0.175376 
1409 1832 1456 1889 1 0.175215 
1032 1727 1084 1784 1 0.174673 
1048 1676 1104 1735 1 0.174564 
1423 1735 1476 1791 1 0.173986 
1024 1686 1049 1750 1 0.173918 
1390 1658 1436 1706 1 0.173660 
1114 1920 1170 1973 1 0.173567 
1502 1546 1536 1602 1 0.173427 
1399 1546 1458 1579 1 0.173356 
1444 1705 1503 1758 1 0.173321 
1423 1752 1476 1811 1 0.173268 
1024 1705 1050 1768 1 0.173171 
1024 1822 1050 1841 1 0.172870 
1399 1735 1461 1787 1 0.172814 
1067 1814 1117 1864 1 0.172779 
1040 1970 1298 2048 1 0.172708 
1467 1893 1523 1953 1 0.172651 
1458 1864 1528 1968 1 0.172286 
1460 1801 1510 1862 1 0.171992 
1432 1685 1482 1735 1 0.171920 
1470 1752 1521 1813 1 0.171802 
1521 1541 1536 1596 1 0.171762 
1503 1932 1536 1992 1 0.171548 
1024 1945 1049 2017 1 0.171492 
1522 1809 1536 1882 1 0.171402 
1097 1895 1153 1952 1 0.171180 
1274 1901 1332 1960 1 0.170969 
1495 1860 1536 2006 1 0.170894 
1438 1781 1490 1842 1 0.170478 
1791 1763 1792 1827 1 0.293651 
1738 1887 1817 1966 1 0.283499 
1673 2004 1733 2044 1 0.242041 
1708 1721 1788 1784 1 0.221634 
1779 1937 1840 1991 1 0.219984 
1775 2002 1841 2044 1 0.218509 
1744 1536 1817 1580 1 0.210663 
1768 1917 1829 1972 1 0.209002 
1956 1871 2009 1888 1 0.208859 
1765 1883 1823 1947 1 0.204133 
1634 1875 1690 1929 1 0.204112 
1693 1738 1750 1792 1 0.203380 
1628 1931 1686 1991 1 0.201753 
1687 2008 1757 2046 1 0.200728 
1756 1776 1810 1829 1 0.200583 
1756 1913 1815 1968 1 0.199986 
1704 1732 1764 1791 1 0.199695 
1635 1936 1716 2009 1 0.196124 
1538 1842 1580 1905 1 0.194850 
1626 1898 1685 1958 1 0.194389 
1750 1859 1810 1916 1 0.193182 
1738 1877 1801 1940 1 0.191729 
1788 1964 1843 2020 1 0.191516 
1793 1944 1851 1998 1 0.191505 
1725 1663 1778 1718 1 0.191033 
1707 1816 1764 1873 1 0.190458 
1948 1655 2001 1713 1 0.190421 
1676 1693 1733 1751 1 0.190270 
1537 1818 1578 1883 1 0.190211 
1661 1983 1717 2039 1 0.189998 
1972 1887 2023 1903 1 0.189520 
1941 1872 1993 1888 1 0.189374 
1771 1857 1828 1911 1 0.189354 
1969 1657 2020 1716 1 0.189219 
1822 1614 1872 1667 1 0.189209 
1779 1899 1836 1955 1 0.188646 
1707 1941 1763 1997 1 0.188472 
1688 1905 1799 2013 1 0.187905 
1761 1966 1817 2022 1 0.187850 
1707 1664 1759 1718 1 0.187589 
1537 1634 1563 1694 1 0.187577 
1705 1914 1763 1973 1 0.187062 
1956 1898 2022 1948 1 0.186577 
1546 1658 1568 1719 1 0.186343 
1737 1859 1794 1918 1 0.186300 
1722 1855 1781 1915 1 0.185584 
1691 1769 1747 1826 1 0.184715 
1612 1913 1716 2015 1 0.184356 
1551 1673 1569 1742 1 0.184087 
1792 2001 1856 2044 1 0.184015 
1681 1987 1739 2040 1 0.183777 
1645 1663 1702 1713 1 0.183710 
1640 1915 1749 2021 1 0.183656 
1724 1800 1782 1856 1 0.183519 
1617 1867 1669 1922 1 0.183486 
1651 2002 1713 2048 1 0.183475 
1693 1711 1746 1767 1 0.183327 
2003 1894 2048 1962 1 0.183070 
1696 1726 1752 1778 1 0.182958 
1628 2004 1695 2047 1 0.182866 
1617 1946 1700 2025 1 0.181899 
1836 1903 1892 1956 1 0.181748 
1648 1650 1703 1701 1 0.181747 
1618 1883 1674 1940 1 0.181274 
1584 1927 1668 2009 1 0.181219 
1538 1659 1581 1717 1 0.180911 
1664 2012 1718 2048 1 0.180855 
1538 1799 1579 1863 1 0.180738 
1950 1674 2004 1733 1 0.180716 
1694 1930 1749 1990 1 0.180590 
1638 1920 1696 1974 1 0.180589 
1679 1924 1697 1972 1 0.180559 
1689 1751 1747 1804 1 0.179952 
1851 1903 1912 1958 1 0.179934 
1673 1677 1730 1731 1 0.179651 
1789 1626 1841 1682 1 0.179641 
1660 1647 1716 1701 1 0.179629 
1812 1948 1873 2002 1 0.179610 
1838 1631 1888 1683 1 0.179296 
1543 1537 1603 1578 1 0.179250 
1682 1544 1733 1566 1 0.179229 
1663 2021 1681 2048 1 0.179071 
1762 1986 1821 2041 1 0.179056 
1793 1925 1853 1976 1 0.178614 
1537 1784 1581 1846 1 0.178603 
1786 1984 1841 2037 1 0.178465 
1937 2010 2012 2045 1 0.178446 
1669 1958 1726 2018 1 0.178166 
1696 2031 1762 2048 1 0.178122 
1737 1776 1793 1828 1 0.178118 
1787 1868 1838 1924 1 0.178059 
1678 1708 1732 1765 1 0.178032 
1780 1883 1833 1942 1 0.177760 
1656 1955 1714 2015 1 0.177572 
1734 1731 1795 1789 1 0.177550 
1710 1862 1769 1926 1 0.177432 
1877 1664 1928 1718 1 0.177332 
1593 1900 1719 1966 1 0.177088 
1722 1958 1774 2013 1 0.177072 
1550 2033 1633 2047 1 0.176905 
