57 1 230 53 1 0.347948 
2 498 76 511 1 0.219797 
0 497 28 512 1 0.206497 
166 364 235 424 1 0.201986 
255 223 255 297 1 0.200336 
480 259 496 311 1 0.197348 
155 496 244 512 1 0.196584 
251 105 309 166 1 0.195927 
193 496 266 512 1 0.193472 
176 372 247 429 1 0.192777 
469 309 509 381 1 0.192016 
114 4 256 70 1 0.191077 
408 252 471 313 1 0.190968 
195 464 249 480 1 0.190257 
418 364 487 421 1 0.188214 
394 280 451 341 1 0.187956 
274 245 327 301 1 0.187788 
52 0 134 46 1 0.187601 
358 358 425 420 1 0.187050 
190 364 262 422 1 0.187003 
389 246 453 307 1 0.186126 
145 0 205 88 1 0.186116 
297 5 378 47 1 0.185068 
480 290 496 343 1 0.184361 
480 275 495 326 1 0.184320 
300 435 429 506 1 0.184313 
212 363 279 418 1 0.183841 
316 333 426 405 1 0.183836 
70 3 155 49 1 0.182757 
26 497 118 511 1 0.181750 
388 245 493 304 1 0.181305 
181 391 249 445 1 0.180912 
439 373 507 436 1 0.180013 
321 446 394 501 1 0.179296 
239 498 323 512 1 0.178326 
34 0 109 46 1 0.178304 
277 378 398 480 1 0.178274 
157 372 225 433 1 0.178272 
320 355 431 446 1 0.177810 
466 329 511 399 1 0.177750 
216 335 279 391 1 0.177630 
166 448 235 504 1 0.177340 
102 1 263 46 1 0.176953 
359 380 446 458 1 0.176722 
194 449 261 501 1 0.176706 
328 365 417 433 1 0.176612 
61 0 141 29 1 0.176506 
200 333 264 390 1 0.176429 
115 0 173 90 1 0.176349 
266 437 388 506 1 0.176235 
186 474 266 511 1 0.176200 
211 389 279 444 1 0.175896 
178 464 234 480 1 0.175718 
390 365 474 431 1 0.175712 
385 385 480 463 1 0.175598 
411 278 468 336 1 0.175454 
277 443 346 498 1 0.175402 
229 370 295 429 1 0.175332 
370 250 432 307 1 0.174440 
476 250 509 311 1 0.174367 
381 316 435 378 1 0.174183 
152 2 236 51 1 0.174115 
476 299 510 358 1 0.173798 
498 238 512 320 1 0.173633 
343 301 404 356 1 0.173153 
352 359 458 449 1 0.172808 
376 438 508 501 1 0.172697 
235 96 295 152 1 0.172340 
372 349 436 406 1 0.172298 
389 358 455 419 1 0.172072 
0 0 127 41 1 0.171612 
425 260 502 330 1 0.171446 
376 472 477 511 1 0.171266 
230 355 294 408 1 0.171245 
365 367 445 434 1 0.170813 
478 236 511 295 1 0.170682 
343 271 406 323 1 0.170212 
480 263 511 329 1 0.170204 
178 4 249 65 1 0.170097 
167 23 231 78 1 0.169984 
150 446 219 500 1 0.169866 
104 451 168 499 1 0.169795 
141 134 194 194 1 0.169759 
320 387 430 462 1 0.169688 
346 317 408 372 1 0.169536 
25 3 91 60 1 0.169518 
383 283 437 342 1 0.169511 
473 178 512 311 1 0.169344 
246 356 362 438 1 0.169026 
389 334 473 406 1 0.168969 
242 378 360 477 1 0.168512 
41 220 100 277 1 0.168507 
266 471 412 510 1 0.168294 
30 0 246 71 1 0.168204 
471 269 512 409 1 0.168154 
239 361 305 417 1 0.167839 
446 314 507 377 1 0.167742 
317 286 427 391 1 0.167717 
180 356 249 413 1 0.167609 
207 356 325 440 1 0.167573 
942 497 1024 511 1 0.215403 
512 456 562 509 1 0.194420 
793 3 877 46 1 0.193046 
799 499 889 511 1 0.190790 
512 327 563 385 1 0.188512 
828 286 828 364 1 0.188065 
907 69 960 127 1 0.185591 
588 498 689 511 1 0.183919 
878 497 973 510 1 0.182494 
512 278 556 348 1 0.181969 
513 305 559 371 1 0.181630 
514 319 545 381 1 0.178159 
515 361 581 418 1 0.178119 
512 262 555 328 1 0.177833 
535 498 557 512 1 0.177623 
514 408 558 485 1 0.176770 
864 4 954 80 1 0.176057 
867 432 912 483 1 0.174895 
512 433 623 504 1 0.173557 
895 0 962 45 1 0.173065 
512 318 537 337 1 0.172525 
907 43 963 98 1 0.171954 
555 408 619 465 1 0.171922 
512 325 584 396 1 0.171805 
513 299 578 384 1 0.170865 
538 497 641 512 1 0.169847 
944 3 1009 45 1 0.169737 
977 182 1023 245 1 0.169688 
954 184 1013 242 1 0.168513 
513 497 589 512 1 0.168236 
832 498 921 510 1 0.167983 
678 239 718 296 1 0.167764 
893 437 930 492 1 0.167618 
512 285 539 353 1 0.167104 
818 0 896 41 1 0.166613 
939 153 996 213 1 0.165549 
888 72 946 126 1 0.165002 
580 475 664 512 1 0.164112 
512 398 584 512 1 0.163887 
934 465 1018 510 1 0.163741 
820 470 894 510 1 0.163233 
520 471 609 511 1 0.163004 
923 69 976 127 1 0.162577 
918 1 984 42 1 0.162257 
528 344 597 401 1 0.161965 
930 0 1000 14 1 0.161843 
512 334 538 354 1 0.161787 
587 72 635 127 1 0.161670 
939 170 997 228 1 0.161571 
913 271 974 326 1 0.161521 
513 214 555 283 1 0.161456 
512 347 610 448 1 0.161007 
518 284 575 339 1 0.161007 
967 440 1023 503 1 0.160948 
866 465 940 506 1 0.160872 
572 341 633 395 1 0.160825 
871 71 931 128 1 0.160816 
832 425 876 487 1 0.160711 
916 233 959 294 1 0.160626 
671 466 752 508 1 0.160570 
888 88 945 143 1 0.160388 
1010 280 1022 391 1 0.160373 
922 44 978 98 1 0.160369 
909 0 974 28 1 0.160291 
771 1 854 44 1 0.159910 
974 5 1024 48 1 0.159746 
720 470 810 510 1 0.159666 
955 154 1010 214 1 0.159573 
873 55 934 114 1 0.159450 
587 411 653 468 1 0.159445 
891 231 939 288 1 0.159393 
546 361 615 415 1 0.159076 
512 339 528 396 1 0.159034 
611 442 681 496 1 0.158993 
877 102 936 165 1 0.158905 
517 323 585 468 1 0.158810 
749 8 819 48 1 0.158789 
873 9 938 68 1 0.158784 
512 440 540 508 1 0.158695 
892 140 953 198 1 0.158686 
513 241 552 389 1 0.158469 
956 140 1011 199 1 0.158404 
512 466 583 510 1 0.158398 
599 428 666 483 1 0.158324 
601 398 666 456 1 0.158083 
976 200 1024 266 1 0.157975 
527 380 657 481 1 0.157898 
994 344 1023 402 1 0.157828 
956 233 1015 302 1 0.157607 
646 214 697 272 1 0.157597 
873 87 932 146 1 0.157575 
889 57 949 111 1 0.157467 
651 230 700 290 1 0.157414 
566 385 629 437 1 0.157373 
976 341 1022 410 1 0.157348 
828 2 939 80 1 0.157345 
518 478 687 510 1 0.157247 
512 354 563 414 1 0.157246 
907 91 959 147 1 0.157098 
512 324 552 474 1 0.156917 
1308 255 1308 327 1 0.207277 
1024 352 1073 432 1 0.198712 
1202 140 1261 196 1 0.196060 
1196 176 1255 227 1 0.194832 
1488 12 1533 69 1 0.193997 
1227 204 1287 256 1 0.193518 
1405 90 1462 147 1 0.193056 
1211 177 1269 225 1 0.192332 
1392 124 1451 182 1 0.191634 
1323 350 1387 405 1 0.191170 
1430 133 1493 190 1 0.190889 
1243 141 1296 194 1 0.190126 
1217 141 1277 197 1 0.189063 
1199 158 1261 210 1 0.188425 
1227 173 1280 221 1 0.188331 
1341 9 1417 45 1 0.187691 
1257 139 1310 194 1 0.187312 
1388 107 1446 163 1 0.187296 
1234 172 1346 241 1 0.185532 
1404 109 1461 166 1 0.184844 
1416 135 1478 188 1 0.183410 
1242 212 1308 269 1 0.183386 
1119 380 1178 436 1 0.183351 
1404 137 1463 193 1 0.182281 
1489 115 1536 181 1 0.182218 
1054 497 1141 512 1 0.181184 
1317 373 1383 430 1 0.180856 
1388 93 1447 147 1 0.180830 
1196 109 1253 166 1 0.180202 
1493 55 1536 123 1 0.179999 
1408 100 1424 149 1 0.179568 
1336 376 1398 433 1 0.178625 
1053 131 1498 414 1 0.177407 
1265 220 1327 275 1 0.176841 
1436 84 1492 142 1 0.176691 
1194 190 1254 241 1 0.176652 
1227 152 1282 204 1 0.176153 
1473 2 1534 47 1 0.176058 
1227 131 1285 185 1 0.175918 
1364 94 1429 146 1 0.175898 
1038 496 1117 512 1 0.175776 
1304 360 1368 415 1 0.175143 
1195 217 1260 268 1 0.175138 
1319 321 1380 377 1 0.175054 
1226 188 1284 236 1 0.175017 
1233 116 1288 172 1 0.174950 
1318 348 1526 492 1 0.174833 
1421 86 1475 144 1 0.174530 
1339 269 1403 325 1 0.174426 
1334 360 1400 417 1 0.174263 
1451 67 1507 122 1 0.174019 
1502 151 1536 215 1 0.173553 
1209 202 1270 253 1 0.173407 
1231 208 1341 277 1 0.173194 
1389 142 1450 194 1 0.173020 
1452 108 1528 185 1 0.172795 
1308 3 1384 43 1 0.172491 
1207 198 1321 284 1 0.172481 
1095 499 1206 511 1 0.172473 
1521 21 1536 71 1 0.172236 
1178 498 1283 511 1 0.171930 
1180 86 1235 152 1 0.171861 
1153 381 1500 512 1 0.171682 
1464 93 1527 152 1 0.171665 
1024 496 1050 512 1 0.171647 
1098 468 1194 508 1 0.171621 
1145 204 1207 256 1 0.171484 
1294 334 1408 410 1 0.171460 
1340 223 1399 273 1 0.171278 
1354 241 1413 295 1 0.170961 
1420 111 1476 166 1 0.170613 
1494 75 1536 150 1 0.170533 
1268 421 1328 476 1 0.170519 
1301 133 1364 189 1 0.170423 
1246 117 1303 169 1 0.170331 
1159 220 1221 271 1 0.170091 
1353 390 1414 447 1 0.170063 
1418 122 1502 200 1 0.169950 
1362 106 1430 159 1 0.169762 
1272 210 1370 282 1 0.169679 
1504 0 1522 25 1 0.169600 
1457 0 1525 43 1 0.169442 
1334 338 1398 395 1 0.169368 
1226 82 1313 163 1 0.168967 
1322 174 1382 227 1 0.168948 
1362 4 1441 42 1 0.168918 
1410 387 1470 441 1 0.168709 
1434 110 1492 167 1 0.168585 
1029 316 1092 378 1 0.168414 
1305 337 1367 391 1 0.168163 
1159 203 1225 256 1 0.168154 
1399 322 1524 414 1 0.168103 
1267 149 1332 203 1 0.168094 
1501 135 1536 194 1 0.168052 
1240 455 1311 506 1 0.167809 
1521 35 1536 94 1 0.167709 
1213 156 1273 207 1 0.167647 
1424 370 1483 423 1 0.167638 
1520 0 1536 28 1 0.167592 
1331 4 1465 79 1 0.167590 
1670 119 1749 186 1 0.505668 
1588 119 1682 178 1 0.490000 
1748 181 1749 244 1 0.259920 
1637 117 1723 179 1 0.216152 
1570 1 1648 73 1 0.208439 
1536 39 1585 105 1 0.204505 
1561 127 1629 187 1 0.204008 
1616 20 1632 68 1 0.201820 
1661 19 1718 78 1 0.201484 
1644 35 1702 94 1 0.199550 
1573 136 1640 190 1 0.199398 
1645 18 1702 77 1 0.199316 
1536 62 1588 123 1 0.198492 
1700 123 1766 182 1 0.198068 
1543 128 1605 190 1 0.196879 
1536 23 1585 86 1 0.196340 
1536 76 1585 137 1 0.194419 
1603 2 1669 69 1 0.194091 
1671 36 1730 92 1 0.192124 
1578 121 1649 180 1 0.191540 
1714 130 1780 191 1 0.189965 
1536 0 1637 40 1 0.188815 
1559 173 1667 242 1 0.187467 
1626 37 1686 94 1 0.187461 
1560 42 1622 96 1 0.187205 
2005 188 2047 262 1 0.186876 
1625 17 1685 78 1 0.184972 
1536 121 1645 207 1 0.184816 
1639 5 1722 77 1 0.183551 
2016 82 2048 140 1 0.183268 
1718 110 1780 172 1 0.182908 
2006 86 2048 153 1 0.182842 
1662 9 1743 79 1 0.182506 
2015 136 2048 197 1 0.181755 
1544 168 1605 223 1 0.181657 
1577 39 1638 96 1 0.180671 
1590 16 1652 77 1 0.180360 
1899 499 1998 511 1 0.180034 
1564 111 1629 167 1 0.179888 
1609 154 1673 205 1 0.179291 
1676 245 1734 303 1 0.178686 
1536 3 1551 60 1 0.178288 
1607 35 1666 95 1 0.177902 
1592 36 1651 94 1 0.177667 
1541 138 1571 206 1 0.177604 
1536 100 1551 162 1 0.177291 
1536 35 1551 95 1 0.177282 
1536 293 1584 368 1 0.177160 
1588 153 1654 206 1 0.176310 
2015 119 2048 177 1 0.176298 
1647 36 1665 81 1 0.175825 
1583 132 1600 180 1 0.175612 
1541 79 1622 152 1 0.175480 
1600 18 1616 68 1 0.175423 
1656 132 1727 190 1 0.175370 
1536 72 1599 158 1 0.174713 
1719 94 1780 154 1 0.174544 
1937 31 1990 90 1 0.174340 
1689 0 1800 91 1 0.174282 
1536 122 1589 193 1 0.173972 
1608 0 1678 30 1 0.173810 
1703 26 1767 77 1 0.173786 
1686 26 1746 77 1 0.173770 
1536 69 1640 166 1 0.173407 
1615 38 1633 83 1 0.172994 
1588 136 1657 187 1 0.172597 
1627 97 1685 152 1 0.172461 
1555 2 1616 62 1 0.172454 
1675 381 1737 438 1 0.172431 
1695 43 1784 119 1 0.172293 
1574 0 1642 31 1 0.172168 
1733 2 1812 85 1 0.171843 
1706 80 1762 136 1 0.171833 
1536 124 1568 192 1 0.171598 
1536 115 1629 178 1 0.171434 
2015 36 2047 103 1 0.171406 
1536 102 1585 171 1 0.171271 
1654 0 1726 29 1 0.171226 
1946 141 2008 195 1 0.171220 
1998 4 2048 61 1 0.171023 
1980 189 2041 251 1 0.170925 
1588 0 1695 89 1 0.170753 
2006 57 2047 130 1 0.170609 
1711 148 1728 195 1 0.170531 
1572 206 1627 263 1 0.170415 
1593 0 1659 31 1 0.170264 
1536 389 1608 510 1 0.170106 
1729 134 1796 190 1 0.170037 
1560 75 1619 131 1 0.170025 
1687 39 1747 95 1 0.169991 
1536 194 1582 265 1 0.169940 
1836 59 1893 112 1 0.169905 
1545 40 1604 99 1 0.169870 
1644 0 1773 46 1 0.169804 
1999 25 2048 135 1 0.169654 
1643 95 1700 153 1 0.169637 
1703 147 1767 203 1 0.169426 
1720 80 1779 135 1 0.169390 
1635 133 1704 189 1 0.169361 
1567 147 1584 200 1 0.168958 
249 722 249 796 1 0.276520 
0 583 52 646 1 0.218641 
278 562 343 618 1 0.203899 
0 512 53 561 1 0.202400 
294 559 341 577 1 0.200856 
176 1010 262 1023 1 0.195908 
2 647 49 716 1 0.192563 
1 612 51 679 1 0.192475 
166 512 233 556 1 0.191642 
0 615 76 690 1 0.191009 
209 1010 293 1023 1 0.187917 
379 586 442 642 1 0.187811 
4 516 55 548 1 0.187532 
0 555 100 654 1 0.187029 
8 592 87 658 1 0.187012 
282 577 341 632 1 0.184635 
0 576 34 640 1 0.183345 
240 521 318 597 1 0.181690 
320 1010 404 1023 1 0.180516 
2 560 67 615 1 0.180225 
172 512 238 543 1 0.180038 
33 609 48 662 1 0.180038 
252 567 315 624 1 0.179496 
334 654 389 711 1 0.179466 
0 629 50 695 1 0.179037 
258 534 337 617 1 0.178499 
346 630 408 693 1 0.178375 
428 512 512 629 1 0.178215 
192 512 258 528 1 0.177750 
196 514 265 558 1 0.177470 
182 519 248 571 1 0.176755 
374 599 440 655 1 0.176417 
308 559 359 577 1 0.175519 
236 569 297 624 1 0.175258 
0 563 15 626 1 0.175128 
11 632 70 693 1 0.175071 
404 814 462 871 1 0.174830 
311 538 434 641 1 0.174466 
406 598 470 657 1 0.173993 
218 586 281 637 1 0.173792 
0 619 32 683 1 0.172978 
251 600 312 651 1 0.172434 
326 521 427 600 1 0.172312 
240 512 257 541 1 0.172033 
379 570 477 648 1 0.171961 
303 578 321 627 1 0.171856 
3 580 66 663 1 0.171643 
328 630 391 689 1 0.171399 
238 515 256 565 1 0.171222 
200 643 250 705 1 0.171153 
265 526 325 583 1 0.170992 
451 1009 512 1023 1 0.170326 
0 564 113 626 1 0.170302 
0 1008 27 1024 1 0.169723 
413 585 480 640 1 0.169612 
302 514 365 636 1 0.169530 
26 645 88 704 1 0.169515 
351 1009 438 1023 1 0.169269 
268 579 328 633 1 0.169238 
170 520 230 574 1 0.169117 
364 550 466 634 1 0.169076 
23 616 85 678 1 0.168978 
278 548 340 605 1 0.168808 
4 538 66 597 1 0.167859 
391 536 509 650 1 0.167611 
337 535 495 662 1 0.167562 
0 639 15 710 1 0.167373 
206 512 280 527 1 0.167314 
250 525 311 582 1 0.167238 
237 539 299 597 1 0.167181 
306 576 361 593 1 0.167038 
0 514 116 552 1 0.166961 
367 515 494 594 1 0.166368 
271 533 424 657 1 0.166267 
392 520 464 546 1 0.165817 
1 512 39 636 1 0.165651 
267 525 385 600 1 0.165472 
232 600 298 654 1 0.165250 
277 552 362 627 1 0.165128 
347 652 406 711 1 0.164866 
272 532 288 582 1 0.164833 
234 512 362 556 1 0.164790 
0 595 106 698 1 0.164670 
359 570 424 627 1 0.164616 
360 571 444 654 1 0.164450 
324 827 362 888 1 0.164195 
187 642 239 703 1 0.164064 
254 514 271 567 1 0.163958 
390 816 447 875 1 0.163903 
247 512 320 539 1 0.163730 
342 600 407 656 1 0.163581 
62 1011 156 1023 1 0.163524 
27 516 109 544 1 0.163440 
374 555 438 614 1 0.163152 
18 518 140 586 1 0.162753 
283 598 343 654 1 0.162575 
0 558 26 577 1 0.162541 
37 617 102 678 1 0.162525 
21 556 82 612 1 0.162505 
198 512 268 541 1 0.162472 
816 785 816 856 1 0.212181 
512 524 555 600 1 0.207651 
513 613 584 673 1 0.198653 
836 518 919 559 1 0.194540 
545 600 617 660 1 0.194012 
893 1011 991 1022 1 0.191389 
884 945 938 1001 1 0.189936 
512 673 553 745 1 0.189085 
966 1009 1024 1024 1 0.184457 
512 546 560 617 1 0.183620 
563 603 633 661 1 0.182122 
747 1011 850 1023 1 0.181891 
512 726 559 795 1 0.181134 
527 596 649 684 1 0.180553 
928 1010 1013 1024 1 0.179619 
512 588 565 655 1 0.179532 
553 767 617 825 1 0.178130 
524 669 547 749 1 0.177472 
943 934 991 995 1 0.176980 
519 683 543 760 1 0.176485 
684 671 746 726 1 0.175364 
568 517 645 559 1 0.175201 
512 599 595 712 1 0.174123 
569 781 631 837 1 0.173946 
532 610 598 670 1 0.173772 
512 625 556 699 1 0.173248 
765 519 838 560 1 0.173199 
517 524 567 572 1 0.173039 
1009 980 1024 1024 1 0.172640 
683 633 745 691 1 0.172526 
512 691 556 759 1 0.172051 
828 1010 928 1023 1 0.171958 
512 715 586 790 1 0.171708 
666 517 740 559 1 0.171059 
551 794 619 848 1 0.170216 
573 1010 670 1023 1 0.170186 
683 654 744 712 1 0.170014 
568 927 614 989 1 0.169678 
982 601 1024 673 1 0.169057 
1011 800 1024 889 1 0.168662 
512 568 564 636 1 0.168511 
697 685 760 739 1 0.168293 
525 552 656 650 1 0.168180 
860 1010 959 1022 1 0.168160 
512 779 556 847 1 0.167345 
661 622 727 678 1 0.167335 
512 703 626 819 1 0.166879 
524 526 544 614 1 0.166690 
524 795 585 850 1 0.166345 
928 763 972 813 1 0.166221 
512 1008 544 1024 1 0.165512 
923 943 962 1003 1 0.165279 
514 731 542 804 1 0.165267 
579 608 647 662 1 0.165047 
587 781 649 836 1 0.165006 
534 528 575 558 1 0.164996 
538 545 606 597 1 0.164883 
785 523 858 566 1 0.164659 
1011 684 1023 786 1 0.164525 
940 669 997 723 1 0.164444 
525 518 594 562 1 0.164439 
1011 749 1024 841 1 0.164276 
559 887 602 947 1 0.164262 
568 619 633 675 1 0.164216 
512 710 558 777 1 0.164194 
939 684 999 737 1 0.164087 
580 521 661 544 1 0.163904 
906 686 966 738 1 0.163869 
516 1010 589 1024 1 0.163655 
512 609 561 679 1 0.163518 
928 949 973 1010 1 0.163512 
512 646 586 725 1 0.163013 
898 512 987 538 1 0.162991 
665 608 727 659 1 0.162929 
512 749 590 824 1 0.162772 
542 1010 635 1023 1 0.162656 
604 558 668 612 1 0.161763 
563 590 633 646 1 0.161312 
512 678 584 756 1 0.161264 
514 512 553 638 1 0.161201 
712 1010 823 1023 1 0.161040 
881 960 939 1014 1 0.161018 
762 804 818 863 1 0.160771 
567 652 631 709 1 0.160655 
526 519 601 541 1 0.160599 
515 538 541 617 1 0.160454 
512 604 674 721 1 0.160033 
793 1011 903 1023 1 0.159915 
531 594 601 645 1 0.159861 
533 631 599 691 1 0.159563 
664 635 729 690 1 0.159477 
694 515 777 557 1 0.159245 
557 520 642 543 1 0.159156 
655 521 739 546 1 0.159137 
515 608 610 684 1 0.158773 
666 1010 770 1023 1 0.158730 
937 700 998 756 1 0.158652 
905 764 941 822 1 0.158181 
945 512 1024 568 1 0.158171 
618 619 684 676 1 0.158091 
1300 754 1300 828 1 0.209261 
1475 1009 1536 1023 1 0.201417 
1263 1011 1356 1024 1 0.199110 
1024 1009 1054 1024 1 0.196770 
1209 546 1261 566 1 0.187075 
1450 885 1536 1017 1 0.186996 
1284 986 1360 1024 1 0.180260 
1436 892 1498 947 1 0.179894 
1024 513 1156 554 1 0.177475 
1520 982 1536 1024 1 0.176772 
1357 1011 1458 1023 1 0.175874 
1024 518 1077 565 1 0.175325 
1389 1011 1491 1023 1 0.173750 
1394 574 1536 840 1 0.172862 
1450 854 1513 908 1 0.172643 
1154 847 1209 906 1 0.172449 
1467 844 1531 904 1 0.172391 
1163 1010 1270 1022 1 0.171695 
1024 532 1138 645 1 0.171271 
1273 685 1331 743 1 0.171269 
1027 540 1092 598 1 0.170832 
1143 986 1222 1023 1 0.169949 
1522 895 1536 979 1 0.167900 
1213 1010 1310 1023 1 0.167354 
1159 720 1213 772 1 0.167212 
1435 752 1500 805 1 0.167096 
1309 707 1366 762 1 0.166636 
1312 586 1367 646 1 0.166281 
1297 515 1536 666 1 0.165802 
1025 512 1096 557 1 0.165584 
1448 857 1534 984 1 0.165268 
1257 735 1308 800 1 0.165101 
1041 512 1118 557 1 0.165044 
1052 921 1108 979 1 0.164787 
1024 531 1071 600 1 0.164749 
1331 657 1385 718 1 0.164731 
1424 847 1489 909 1 0.164677 
1216 985 1301 1020 1 0.164653 
1178 687 1236 743 1 0.164590 
1323 731 1383 788 1 0.164376 
1167 523 1238 561 1 0.164011 
1024 646 1069 720 1 0.163912 
1460 513 1532 800 1 0.163867 
1095 590 1161 647 1 0.163467 
1406 733 1461 792 1 0.163296 
1449 734 1512 788 1 0.162960 
1029 1009 1094 1023 1 0.162870 
1236 763 1275 825 1 0.162852 
1235 512 1503 603 1 0.162693 
1447 829 1515 890 1 0.162424 
1124 591 1197 644 1 0.161562 
1064 985 1141 1022 1 0.161560 
1451 889 1515 944 1 0.161549 
1489 900 1535 976 1 0.161205 
1324 512 1520 556 1 0.161154 
1386 733 1442 790 1 0.161060 
1373 518 1533 582 1 0.160955 
1071 517 1369 704 1 0.160938 
1496 545 1536 758 1 0.160819 
1077 601 1144 661 1 0.160546 
1163 671 1226 727 1 0.160376 
1468 876 1531 933 1 0.160094 
1120 723 1170 777 1 0.159883 
1178 755 1215 812 1 0.159731 
1451 713 1512 772 1 0.159704 
1103 535 1159 560 1 0.159566 
1523 516 1535 599 1 0.159487 
1024 837 1069 907 1 0.159472 
1447 912 1508 968 1 0.159384 
1183 542 1241 562 1 0.159367 
1383 512 1507 667 1 0.159177 
1215 537 1277 557 1 0.159162 
1123 984 1204 1022 1 0.159073 
1379 861 1449 916 1 0.158966 
1062 590 1128 645 1 0.158805 
1221 772 1259 842 1 0.158507 
1164 698 1227 750 1 0.158492 
1452 875 1512 927 1 0.158488 
1490 727 1536 794 1 0.157533 
1060 541 1129 594 1 0.157422 
1304 986 1380 1023 1 0.157194 
1092 892 1143 953 1 0.157057 
1106 890 1159 954 1 0.157026 
1024 512 1102 620 1 0.156990 
1329 745 1381 809 1 0.156963 
1026 522 1092 579 1 0.156947 
1068 515 1163 550 1 0.156843 
1489 823 1536 894 1 0.156697 
1024 549 1072 620 1 0.156487 
1056 1009 1139 1023 1 0.156254 
1296 1011 1386 1023 1 0.156229 
1438 1011 1536 1022 1 0.156225 
1106 914 1147 980 1 0.156180 
1072 926 1127 984 1 0.155818 
1046 543 1111 594 1 0.155779 
1379 983 1457 1021 1 0.155646 
1178 701 1241 753 1 0.155627 
1024 628 1067 700 1 0.155570 
1363 749 1419 809 1 0.155470 
1268 721 1321 782 1 0.155389 
1832 519 2037 663 1 0.186786 
1536 988 1665 1022 1 0.185858 
1902 724 2048 872 1 0.185529 
1537 658 1581 735 1 0.183112 
1676 1010 1768 1024 1 0.182997 
1536 889 1580 960 1 0.182762 
1539 639 1580 719 1 0.182105 
1546 1010 1642 1024 1 0.180690 
1964 512 2048 631 1 0.179175 
1966 584 2027 642 1 0.178435 
1848 515 1919 561 1 0.177710 
1778 512 1969 551 1 0.177127 
1708 512 1934 640 1 0.176364 
1745 1009 1824 1024 1 0.176249 
1536 871 1579 940 1 0.175752 
1711 1009 1796 1023 1 0.175732 
1962 754 2047 887 1 0.175241 
1990 1009 2048 1024 1 0.173462 
2003 571 2047 652 1 0.173172 
1913 596 2048 901 1 0.172933 
2006 552 2046 630 1 0.172233 
1982 852 2026 909 1 0.172139 
1573 587 2006 971 1 0.172077 
1966 683 2041 926 1 0.170648 
1896 513 1986 538 1 0.170632 
1536 937 1600 1013 1 0.170613 
1796 543 1955 663 1 0.170526 
1856 1010 1948 1023 1 0.170365 
1742 531 1899 631 1 0.170330 
1774 892 1829 948 1 0.170298 
2002 616 2045 689 1 0.170178 
1750 518 1931 591 1 0.169846 
1671 599 1888 751 1 0.169635 
2002 594 2047 669 1 0.169569 
1948 535 2008 560 1 0.168888 
1831 533 1942 799 1 0.168656 
1701 530 1819 795 1 0.168461 
1819 517 1993 597 1 0.168214 
1982 567 2042 634 1 0.167929 
1761 553 1915 670 1 0.167907 
1761 515 1852 555 1 0.167888 
1751 601 1915 729 1 0.167594 
2032 980 2048 1024 1 0.167481 
1904 1010 1990 1023 1 0.167437 
1762 535 1877 793 1 0.167432 
1893 515 2038 594 1 0.167300 
1716 977 1789 1021 1 0.167193 
1750 512 2029 604 1 0.166206 
1650 520 1899 674 1 0.166055 
1705 954 1768 1009 1 0.166051 
1862 550 2048 855 1 0.166047 
1865 602 2048 751 1 0.166026 
1538 681 1584 754 1 0.165686 
1792 512 1890 534 1 0.165664 
1670 955 1741 1011 1 0.165596 
1748 528 2020 651 1 0.165389 
1962 567 2025 627 1 0.165325 
1823 514 1932 626 1 0.165013 
1786 587 1960 655 1 0.164955 
1687 980 1765 1022 1 0.164938 
1657 530 2048 711 1 0.164816 
1828 514 1905 559 1 0.164741 
1850 512 2017 556 1 0.164644 
1713 512 1914 550 1 0.164616 
1799 512 1989 633 1 0.164517 
1837 795 1895 852 1 0.164340 
1842 512 1961 579 1 0.164307 
1890 531 1956 591 1 0.162817 
1579 893 1642 952 1 0.162654 
1867 749 2048 965 1 0.162345 
1844 512 1936 535 1 0.162015 
1573 944 1727 1023 1 0.161932 
1536 946 1653 1015 1 0.161920 
1650 957 1723 1014 1 0.161755 
1859 804 1860 885 1 0.161702 
1785 625 1944 752 1 0.161657 
1674 942 1737 999 1 0.161515 
1669 512 1970 601 1 0.161259 
1895 668 1960 726 1 0.161235 
1944 569 2009 624 1 0.160983 
1793 749 1845 812 1 0.160849 
1771 599 2000 751 1 0.160831 
1602 983 1681 1023 1 0.160477 
1703 518 1866 607 1 0.160456 
1744 571 1879 672 1 0.160272 
1574 941 1641 998 1 0.160172 
1543 910 1604 968 1 0.159530 
1586 962 1658 1013 1 0.159498 
1873 512 1972 535 1 0.159296 
1581 1009 1675 1023 1 0.158513 
1714 860 1764 925 1 0.158232 
1812 512 1928 574 1 0.158223 
1776 906 1831 962 1 0.158125 
1980 792 2042 852 1 0.158056 
1944 649 2011 709 1 0.158054 
1876 549 1943 610 1 0.157969 
1972 544 2048 815 1 0.157877 
1624 920 1690 978 1 0.157787 
1962 608 2048 876 1 0.157697 
1694 996 1760 1024 1 0.157090 
307 1297 307 1373 1 0.202722 
79 1522 166 1536 1 0.199193 
315 1523 418 1535 1 0.187521 
103 1045 179 1077 1 0.185288 
158 1523 252 1535 1 0.177845 
286 1523 388 1535 1 0.174401 
295 1284 350 1339 1 0.173836 
352 1522 441 1535 1 0.173443 
311 1311 355 1364 1 0.172812 
290 1310 335 1360 1 0.170945 
43 1036 122 1076 1 0.170030 
272 1196 331 1256 1 0.169031 
424 1380 480 1439 1 0.168838 
326 1335 383 1385 1 0.168727 
46 1522 142 1535 1 0.167697 
210 1493 290 1535 1 0.166981 
281 1287 332 1339 1 0.166432 
266 1225 327 1286 1 0.164034 
350 1344 405 1397 1 0.163461 
342 1038 404 1084 1 0.162697 
308 1460 364 1518 1 0.162051 
73 1039 161 1072 1 0.161985 
0 1120 40 1206 1 0.159000 
452 1521 512 1536 1 0.158995 
394 1040 458 1083 1 0.158660 
374 1444 425 1499 1 0.158001 
424 1027 497 1068 1 0.157884 
290 1352 343 1401 1 0.157566 
16 1030 96 1071 1 0.157408 
86 1282 137 1338 1 0.157107 
499 1345 511 1430 1 0.156594 
452 1029 512 1078 1 0.156262 
7 1435 46 1518 1 0.156009 
339 1168 382 1225 1 0.155832 
499 1030 512 1101 1 0.154957 
358 1497 438 1536 1 0.154544 
89 1497 163 1536 1 0.154465 
185 1413 240 1473 1 0.154324 
499 1275 511 1371 1 0.153748 
389 1498 467 1536 1 0.153577 
3 1521 75 1536 1 0.153415 
77 1337 139 1398 1 0.153180 
1 1214 44 1299 1 0.153159 
39 1290 85 1360 1 0.153090 
373 1037 444 1081 1 0.152852 
295 1337 348 1388 1 0.152841 
414 1359 466 1410 1 0.152730 
62 1041 140 1076 1 0.152467 
113 1375 171 1435 1 0.152265 
301 1449 351 1512 1 0.151969 
429 1309 490 1363 1 0.151512 
366 1434 412 1486 1 0.150993 
469 1335 512 1403 1 0.150635 
255 1350 314 1402 1 0.150346 
271 1242 326 1301 1 0.150270 
271 1437 313 1494 1 0.149912 
267 1288 318 1341 1 0.149791 
501 1189 511 1313 1 0.149769 
192 1440 253 1500 1 0.149649 
416 1384 461 1444 1 0.149603 
87 1360 137 1424 1 0.149220 
471 1273 512 1341 1 0.149167 
472 1305 512 1375 1 0.149012 
69 1462 125 1520 1 0.148833 
398 1054 441 1128 1 0.148741 
0 1486 52 1530 1 0.148513 
3 1257 42 1338 1 0.148452 
422 1316 477 1367 1 0.148114 
471 1370 512 1439 1 0.148030 
284 1450 335 1511 1 0.147930 
328 1069 366 1090 1 0.147736 
433 1215 487 1271 1 0.147696 
330 1313 373 1369 1 0.147695 
298 1497 375 1536 1 0.147615 
253 1446 301 1509 1 0.147035 
284 1318 330 1375 1 0.146785 
289 1054 347 1073 1 0.146647 
76 1314 140 1368 1 0.146595 
248 1430 296 1490 1 0.146565 
2 1139 43 1223 1 0.146512 
375 1084 421 1150 1 0.146402 
179 1036 254 1083 1 0.146387 
195 1092 254 1143 1 0.146222 
56 1429 112 1486 1 0.146172 
223 1436 269 1493 1 0.146163 
398 1522 491 1535 1 0.146094 
398 1357 446 1405 1 0.145966 
49 1433 92 1496 1 0.145762 
293 1460 346 1519 1 0.145703 
277 1267 330 1323 1 0.145604 
69 1389 122 1454 1 0.145530 
469 1397 512 1470 1 0.145211 
177 1493 258 1535 1 0.144676 
0 1521 29 1536 1 0.144642 
315 1194 358 1252 1 0.144463 
318 1034 392 1077 1 0.144420 
471 1240 511 1315 1 0.144413 
105 1407 169 1460 1 0.144394 
445 1338 503 1401 1 0.144316 
8 1032 74 1077 1 0.144307 
834 1316 834 1389 1 0.211043 
548 1027 624 1070 1 0.186883 
877 1521 970 1536 1 0.182726 
580 1165 633 1225 1 0.178316 
586 1522 692 1536 1 0.174561 
666 1523 775 1535 1 0.174370 
978 1494 1024 1536 1 0.174304 
634 1029 706 1071 1 0.171640 
598 1165 646 1227 1 0.171069 
514 1522 598 1535 1 0.170168 
787 1030 869 1069 1 0.169548 
806 1469 872 1527 1 0.169290 
898 1324 953 1382 1 0.169260 
962 1520 1024 1536 1 0.168947 
896 1028 977 1067 1 0.168815 
777 1501 854 1536 1 0.168710 
567 1026 644 1069 1 0.168595 
811 1355 868 1411 1 0.167368 
762 1448 807 1509 1 0.167366 
902 1343 957 1400 1 0.167352 
808 1453 867 1512 1 0.167209 
1002 1520 1024 1536 1 0.166325 
550 1522 669 1535 1 0.166122 
583 1148 633 1212 1 0.165197 
752 1522 834 1536 1 0.164992 
927 1522 1012 1535 1 0.164011 
663 1030 744 1069 1 0.163853 
959 1026 1024 1073 1 0.163268 
920 1103 971 1166 1 0.161561 
684 1124 731 1189 1 0.161017 
833 1521 914 1535 1 0.160987 
707 1144 749 1208 1 0.160624 
512 1521 545 1535 1 0.160565 
764 1032 847 1072 1 0.160402 
820 1493 893 1533 1 0.160150 
760 1335 819 1391 1 0.160129 
909 1295 968 1355 1 0.160041 
819 1037 902 1077 1 0.159757 
937 1335 998 1395 1 0.159016 
1012 1165 1024 1263 1 0.158894 
873 1105 919 1171 1 0.158492 
607 1144 648 1204 1 0.158061 
874 1165 917 1230 1 0.157862 
519 1058 557 1145 1 0.157700 
894 1362 958 1416 1 0.157232 
603 1104 650 1169 1 0.156978 
630 1456 675 1515 1 0.156597 
814 1338 866 1396 1 0.156075 
701 1083 748 1139 1 0.155845 
659 1458 711 1519 1 0.155740 
772 1253 831 1309 1 0.155392 
723 1128 770 1196 1 0.155366 
526 1335 557 1424 1 0.155267 
837 1031 917 1075 1 0.155129 
1011 1117 1023 1215 1 0.154858 
549 1264 606 1328 1 0.154503 
750 1497 822 1535 1 0.154428 
719 1522 809 1535 1 0.153933 
871 1382 921 1439 1 0.153751 
1008 1492 1024 1536 1 0.153679 
713 1495 787 1535 1 0.153350 
690 1445 733 1510 1 0.152657 
895 1468 954 1531 1 0.152522 
799 1521 883 1536 1 0.152428 
828 1339 882 1394 1 0.152271 
930 1392 985 1452 1 0.151899 
909 1314 965 1371 1 0.151474 
638 1523 735 1535 1 0.151196 
860 1029 935 1075 1 0.151120 
956 1470 1017 1529 1 0.151027 
530 1027 603 1071 1 0.150710 
630 1327 670 1386 1 0.150543 
750 1448 794 1508 1 0.150287 
547 1055 561 1139 1 0.150066 
740 1394 783 1451 1 0.149940 
756 1035 839 1057 1 0.149917 
752 1212 797 1264 1 0.149896 
924 1437 984 1496 1 0.149822 
1012 1417 1023 1528 1 0.149810 
632 1078 682 1131 1 0.149657 
908 1279 967 1337 1 0.149579 
813 1058 856 1127 1 0.149514 
697 1436 758 1494 1 0.149387 
721 1419 773 1482 1 0.149020 
760 1426 806 1490 1 0.148960 
1011 1057 1024 1143 1 0.148923 
939 1067 998 1124 1 0.148915 
793 1452 853 1510 1 0.148758 
875 1470 936 1527 1 0.148567 
815 1509 875 1536 1 0.148566 
933 1375 987 1437 1 0.148533 
980 1030 1024 1097 1 0.148513 
918 1342 972 1402 1 0.148419 
834 1497 909 1535 1 0.148309 
724 1030 804 1071 1 0.148273 
721 1439 775 1496 1 0.148247 
646 1217 696 1280 1 0.148225 
525 1083 561 1167 1 0.148145 
526 1285 561 1360 1 0.147979 
673 1243 720 1299 1 0.147915 
1332 1301 1332 1376 1 0.197244 
1453 1320 1498 1383 1 0.186139 
1492 1520 1536 1536 1 0.183169 
1429 1024 1507 1068 1 0.179380 
1388 1522 1489 1535 1 0.179223 
1354 1101 1413 1155 1 0.177052 
1384 1033 1461 1073 1 0.176216 
1235 1024 1325 1048 1 0.172992 
1194 1024 1294 1045 1 0.172277 
1135 1522 1223 1535 1 0.171855 
1183 1038 1247 1093 1 0.171553 
1119 1446 1161 1513 1 0.170850 
1315 1348 1367 1403 1 0.169192 
1186 1155 1241 1209 1 0.169014 
1471 1026 1536 1075 1 0.165792 
1166 1024 1252 1067 1 0.164923 
1441 1048 1502 1113 1 0.164864 
1158 1221 1209 1279 1 0.164651 
1088 1297 1141 1354 1 0.164568 
1194 1057 1246 1109 1 0.164358 
1237 1039 1306 1092 1 0.164166 
1453 1191 1509 1253 1 0.164042 
1310 1032 1376 1078 1 0.163764 
1417 1522 1522 1535 1 0.163745 
1223 1393 1263 1453 1 0.163557 
1225 1024 1328 1036 1 0.162574 
1054 1054 1070 1134 1 0.162492 
1145 1100 1206 1152 1 0.161906 
1523 1053 1536 1144 1 0.161893 
1216 1180 1271 1243 1 0.161485 
1492 1030 1536 1097 1 0.161090 
1157 1024 1315 1067 1 0.161089 
1523 1150 1536 1241 1 0.160949 
1082 1027 1161 1068 1 0.160784 
1289 1031 1356 1072 1 0.160541 
1423 1426 1484 1486 1 0.160441 
1169 1210 1213 1269 1 0.160105 
1056 1522 1140 1535 1 0.159659 
1258 1185 1307 1252 1 0.159596 
1038 1034 1100 1076 1 0.159432 
1131 1449 1177 1510 1 0.159410 
1123 1488 1175 1505 1 0.159119 
1275 1372 1316 1445 1 0.158878 
1520 1496 1535 1536 1 0.158686 
1282 1029 1352 1055 1 0.158262 
1060 1439 1107 1503 1 0.158185 
1045 1043 1067 1098 1 0.157956 
1024 1464 1069 1526 1 0.157777 
1472 1317 1515 1382 1 0.157425 
1368 1454 1416 1527 1 0.157304 
1174 1182 1225 1246 1 0.157004 
1212 1522 1313 1535 1 0.156932 
1524 1390 1535 1491 1 0.156921 
1133 1359 1179 1428 1 0.156638 
1243 1170 1294 1235 1 0.156494 
1164 1188 1208 1253 1 0.156483 
1327 1032 1400 1075 1 0.156421 
1184 1166 1241 1227 1 0.156371 
1396 1030 1486 1069 1 0.156298 
1514 1520 1536 1536 1 0.155879 
1375 1447 1433 1519 1 0.155802 
1440 1024 1531 1049 1 0.155557 
1489 1129 1533 1194 1 0.155207 
1357 1031 1432 1068 1 0.155189 
1355 1523 1461 1535 1 0.154722 
1344 1025 1437 1037 1 0.154500 
1170 1089 1226 1142 1 0.153953 
1264 1521 1348 1535 1 0.153879 
1455 1507 1517 1535 1 0.153266 
1418 1280 1460 1339 1 0.153265 
1460 1290 1511 1354 1 0.153201 
1167 1152 1225 1206 1 0.153186 
1417 1407 1485 1461 1 0.152981 
1220 1026 1298 1070 1 0.152977 
1365 1330 1415 1388 1 0.152970 
1322 1416 1372 1479 1 0.152956 
1081 1121 1145 1169 1 0.152448 
1128 1342 1177 1410 1 0.152204 
1436 1172 1487 1211 1 0.152098 
1027 1079 1066 1152 1 0.151963 
1449 1494 1532 1536 1 0.151658 
1024 1109 1064 1174 1 0.151603 
1440 1345 1494 1402 1 0.151514 
1168 1522 1264 1535 1 0.151319 
1272 1067 1334 1123 1 0.151247 
1313 1266 1354 1327 1 0.151159 
1309 1055 1366 1112 1 0.151101 
1024 1510 1040 1536 1 0.151094 
1351 1330 1404 1390 1 0.150925 
1253 1039 1322 1090 1 0.150780 
1357 1130 1406 1177 1 0.150460 
1223 1170 1279 1230 1 0.150041 
1024 1520 1053 1536 1 0.149964 
1436 1032 1500 1093 1 0.149940 
1139 1489 1192 1504 1 0.149891 
1179 1389 1216 1455 1 0.149814 
1455 1522 1536 1536 1 0.149811 
1199 1026 1283 1068 1 0.149745 
1435 1470 1501 1528 1 0.149726 
1486 1492 1536 1536 1 0.149624 
1837 1294 1837 1368 1 0.201233 
2035 1232 2048 1317 1 0.185758 
1595 1315 1641 1377 1 0.183858 
1660 1522 1764 1535 1 0.177844 
1721 1026 1786 1066 1 0.177786 
1985 1521 2048 1535 1 0.176490 
1998 1485 2047 1535 1 0.176128 
1708 1116 1766 1168 1 0.176075 
1650 1357 1707 1421 1 0.173927 
1692 1024 1786 1036 1 0.172980 
1578 1034 1654 1072 1 0.171797 
1785 1226 1850 1281 1 0.170412 
1630 1033 1701 1073 1 0.169890 
1930 1031 2007 1072 1 0.169614 
1749 1028 1813 1070 1 0.168727 
1546 1033 1607 1072 1 0.168012 
1577 1266 1625 1325 1 0.167628 
1601 1269 1654 1326 1 0.167496 
1942 1445 1999 1497 1 0.167209 
1588 1266 1642 1326 1 0.167091 
1873 1351 1917 1413 1 0.166327 
1932 1073 1978 1141 1 0.166312 
1539 1522 1612 1536 1 0.165321 
1569 1035 1631 1075 1 0.165232 
1766 1394 1822 1455 1 0.165003 
1755 1522 1858 1535 1 0.164931 
1837 1522 1935 1535 1 0.164920 
1878 1030 1957 1073 1 0.164786 
1844 1031 1924 1073 1 0.163347 
1929 1522 2040 1535 1 0.162684 
1692 1523 1795 1535 1 0.162249 
1741 1429 1785 1495 1 0.161700 
1620 1136 1673 1192 1 0.161543 
2008 1255 2048 1325 1 0.161500 
1917 1073 1958 1143 1 0.160701 
1651 1372 1708 1436 1 0.160598 
1885 1522 1978 1535 1 0.160448 
1751 1392 1805 1457 1 0.160194 
1643 1451 1692 1506 1 0.159981 
2035 1422 2048 1506 1 0.159850 
1652 1026 1730 1066 1 0.159810 
1714 1037 1771 1061 1 0.159635 
2032 1495 2048 1536 1 0.159265 
1582 1145 1639 1186 1 0.159234 
1536 1510 1551 1536 1 0.159169 
1578 1311 1621 1380 1 0.159057 
1806 1340 1855 1400 1 0.158907 
1833 1147 1875 1203 1 0.158312 
1763 1379 1821 1440 1 0.157613 
1955 1461 2012 1516 1 0.157509 
1706 1310 1763 1367 1 0.156979 
1970 1234 2023 1287 1 0.156914 
1894 1184 1940 1239 1 0.156871 
1948 1281 2002 1334 1 0.156527 
1536 1362 1577 1444 1 0.156128 
1932 1447 1985 1503 1 0.155562 
1801 1201 1858 1255 1 0.155359 
1899 1200 1941 1252 1 0.155286 
1757 1291 1817 1346 1 0.155179 
1921 1487 1983 1503 1 0.154303 
1872 1336 1916 1396 1 0.154254 
1688 1115 1750 1166 1 0.154191 
2028 1520 2048 1536 1 0.154176 
1714 1422 1768 1484 1 0.154108 
1831 1497 1907 1535 1 0.154039 
1709 1028 1784 1052 1 0.153514 
1579 1329 1622 1393 1 0.153451 
1782 1200 1846 1254 1 0.153294 
2035 1261 2048 1355 1 0.153152 
1593 1424 1642 1484 1 0.153004 
1536 1064 1577 1136 1 0.152686 
1815 1213 1876 1269 1 0.152671 
1821 1026 1912 1065 1 0.152461 
1726 1131 1782 1182 1 0.152426 
1662 1451 1707 1506 1 0.152318 
1971 1262 2016 1312 1 0.152240 
1598 1293 1646 1350 1 0.152184 
1536 1521 1566 1536 1 0.152095 
1964 1342 2028 1395 1 0.152022 
1536 1095 1580 1159 1 0.152005 
1690 1026 1761 1063 1 0.151882 
1544 1119 1566 1189 1 0.151529 
1710 1130 1767 1182 1 0.151447 
1880 1198 1923 1250 1 0.151305 
1694 1491 1777 1535 1 0.151271 
1834 1055 1886 1076 1 0.151129 
1803 1523 1910 1535 1 0.150749 
1889 1256 1943 1309 1 0.150744 
1816 1147 1859 1203 1 0.150736 
1852 1364 1898 1424 1 0.150719 
1707 1079 1762 1141 1 0.150718 
1765 1202 1830 1256 1 0.149944 
2035 1296 2047 1381 1 0.149943 
1698 1410 1753 1467 1 0.149942 
1906 1029 1976 1074 1 0.149848 
1728 1522 1816 1535 1 0.149841 
1958 1323 2027 1378 1 0.149631 
1647 1379 1691 1440 1 0.149572 
1841 1284 1898 1343 1 0.149564 
1736 1215 1804 1266 1 0.149478 
45 2033 133 2047 1 0.194802 
0 2033 26 2048 1 0.192563 
32 1545 114 1587 1 0.189634 
203 2035 303 2047 1 0.187546 
81 1910 144 1964 1 0.182754 
11 2032 91 2048 1 0.181638 
421 1536 496 1577 1 0.180661 
74 2033 174 2047 1 0.180320 
107 2034 206 2047 1 0.177753 
14 1545 78 1590 1 0.176986 
396 1545 472 1585 1 0.176024 
251 1904 301 1966 1 0.175058 
468 2031 512 2048 1 0.174944 
500 1582 512 1674 1 0.173851 
453 1541 512 1588 1 0.173543 
419 1547 485 1589 1 0.171596 
235 2035 335 2047 1 0.169503 
74 1546 156 1587 1 0.168960 
435 1561 489 1620 1 0.168930 
164 1543 243 1585 1 0.167888 
406 1954 459 2009 1 0.166265 
269 2035 364 2047 1 0.165734 
225 1839 277 1897 1 0.165504 
300 1544 375 1586 1 0.165310 
296 1619 353 1678 1 0.165196 
498 1988 512 2048 1 0.164334 
124 1544 202 1587 1 0.164038 
102 1567 159 1582 1 0.163991 
394 2008 468 2048 1 0.163423 
384 2035 472 2047 1 0.162839 
56 1680 105 1695 1 0.161262 
0 2021 15 2048 1 0.161021 
260 1951 316 1968 1 0.160783 
499 1615 512 1703 1 0.160086 
324 1544 408 1582 1 0.160076 
28 1871 72 1935 1 0.160020 
468 1555 508 1626 1 0.159994 
227 1891 284 1942 1 0.159347 
289 1623 335 1681 1 0.159256 
257 1573 302 1635 1 0.158692 
442 1648 488 1706 1 0.158361 
308 1814 308 1886 1 0.158137 
336 2034 424 2048 1 0.158054 
258 1953 307 2007 1 0.157645 
282 1956 334 2012 1 0.157135 
19 1882 54 1969 1 0.157017 
370 1967 423 2026 1 0.155675 
439 1630 488 1690 1 0.155610 
261 1602 314 1662 1 0.155351 
143 1555 210 1576 1 0.155115 
279 1884 343 1937 1 0.154477 
289 1969 344 2024 1 0.154347 
334 1950 390 2007 1 0.154008 
6 1545 60 1594 1 0.153655 
303 1563 361 1627 1 0.153225 
215 1852 277 1906 1 0.153143 
433 1578 490 1636 1 0.153132 
307 1860 355 1919 1 0.153102 
284 1855 335 1910 1 0.153035 
265 1935 309 1998 1 0.152983 
187 1545 269 1589 1 0.152815 
245 1919 291 1975 1 0.152768 
145 1540 226 1581 1 0.152759 
313 1619 366 1680 1 0.152712 
48 2009 130 2046 1 0.152565 
120 1550 196 1571 1 0.152494 
342 1920 404 1964 1 0.152039 
438 1737 487 1802 1 0.151615 
377 1858 440 1906 1 0.151446 
14 1868 51 1954 1 0.151205 
425 1920 494 1967 1 0.151138 
324 1581 374 1647 1 0.151033 
66 2011 149 2048 1 0.150978 
124 1793 186 1841 1 0.150914 
402 1601 447 1656 1 0.150603 
219 1773 278 1826 1 0.150470 
343 1586 391 1650 1 0.150399 
287 1929 335 1986 1 0.150368 
171 2035 272 2047 1 0.150357 
469 1846 512 1920 1 0.150350 
413 2034 501 2048 1 0.150276 
278 1939 334 1997 1 0.150247 
245 1843 295 1900 1 0.150195 
124 2022 190 2047 1 0.149499 
468 1883 512 1947 1 0.149472 
304 1889 363 1945 1 0.149467 
429 1852 489 1910 1 0.149458 
286 1606 331 1667 1 0.149181 
321 1638 370 1702 1 0.148829 
79 1792 134 1845 1 0.148732 
251 1866 309 1921 1 0.148683 
299 2034 402 2047 1 0.148637 
304 1582 358 1648 1 0.148503 
499 1888 512 1968 1 0.148276 
468 1729 509 1807 1 0.148021 
163 1700 201 1764 1 0.148016 
318 1808 374 1867 1 0.148012 
387 2001 446 2016 1 0.147996 
266 1543 344 1582 1 0.147985 
173 1927 221 1990 1 0.147601 
833 1828 833 1901 1 0.216158 
963 2033 1024 2048 1 0.190755 
612 2005 691 2043 1 0.189081 
1012 1584 1024 1673 1 0.183517 
515 1942 557 2025 1 0.182788 
1012 1886 1023 1979 1 0.179239 
911 1550 981 1590 1 0.176735 
512 2033 539 2048 1 0.175482 
822 1552 888 1594 1 0.172842 
610 2034 692 2047 1 0.172646 
750 1970 815 2023 1 0.172093 
574 2034 665 2047 1 0.172051 
744 1754 786 1815 1 0.171601 
846 2034 940 2047 1 0.169704 
791 1541 874 1583 1 0.168592 
718 1544 784 1587 1 0.166415 
1008 2005 1024 2048 1 0.166318 
962 1540 1024 1587 1 0.165822 
576 1751 617 1808 1 0.164893 
556 1950 619 2005 1 0.164657 
591 1750 636 1805 1 0.163348 
902 1707 964 1763 1 0.162993 
528 2033 607 2048 1 0.162973 
874 1560 937 1582 1 0.162410 
625 2035 712 2048 1 0.161762 
645 2005 726 2045 1 0.161145 
547 1577 582 1648 1 0.160354 
661 1870 711 1929 1 0.160082 
891 1547 961 1587 1 0.159955 
902 1875 961 1931 1 0.159658 
680 1546 737 1588 1 0.159376 
726 1713 776 1774 1 0.158973 
518 1587 558 1683 1 0.158514 
1010 1540 1024 1610 1 0.158379 
1003 2033 1024 2048 1 0.158134 
713 1735 753 1801 1 0.157860 
938 1541 1018 1583 1 0.157723 
751 2034 844 2047 1 0.157556 
776 1778 825 1841 1 0.157459 
794 2034 898 2047 1 0.157178 
750 1736 796 1800 1 0.156738 
541 1952 604 2010 1 0.156701 
557 1569 600 1634 1 0.156274 
699 1710 745 1778 1 0.156197 
601 1873 661 1933 1 0.155940 
948 1969 1006 2028 1 0.155745 
941 1872 1003 1924 1 0.155223 
762 1795 814 1855 1 0.155168 
596 1968 651 2036 1 0.154916 
574 1866 629 1927 1 0.154642 
885 1757 956 1814 1 0.154557 
597 1958 657 2018 1 0.154306 
945 1804 1004 1858 1 0.154171 
849 1550 928 1592 1 0.154108 
521 1874 546 1945 1 0.153845 
649 1536 717 1576 1 0.153705 
782 1801 831 1862 1 0.153639 
594 1944 656 2001 1 0.153491 
516 2033 581 2048 1 0.153389 
778 1671 827 1726 1 0.153332 
640 1793 688 1851 1 0.153051 
777 1585 825 1647 1 0.152800 
822 1868 863 1929 1 0.152389 
716 2035 819 2046 1 0.152052 
760 1600 801 1657 1 0.151865 
808 1875 855 1938 1 0.151854 
737 1546 806 1592 1 0.151546 
632 1632 681 1693 1 0.151479 
939 1770 1004 1826 1 0.151473 
615 1764 668 1815 1 0.151315 
940 1591 1003 1655 1 0.151310 
526 1550 591 1596 1 0.151272 
702 1541 770 1583 1 0.151161 
910 1684 970 1742 1 0.151027 
563 2009 644 2046 1 0.150973 
709 1712 759 1775 1 0.150896 
865 1567 921 1588 1 0.150893 
512 2023 527 2048 1 0.150864 
637 1803 684 1866 1 0.150719 
945 1949 1004 2007 1 0.150595 
979 1665 1022 1743 1 0.150570 
513 1862 576 1925 1 0.150033 
848 1866 905 1924 1 0.149845 
832 1843 879 1912 1 0.149747 
580 1956 638 2013 1 0.149708 
981 1683 1022 1762 1 0.149625 
852 2011 933 2048 1 0.149618 
958 2005 1024 2048 1 0.149507 
819 2009 903 2046 1 0.149101 
922 1547 998 1587 1 0.148873 
848 1640 890 1700 1 0.148815 
596 1541 674 1579 1 0.148711 
741 1783 780 1848 1 0.148631 
893 1845 942 1901 1 0.148610 
846 1564 899 1621 1 0.148553 
619 1798 667 1856 1 0.148414 
864 1677 921 1736 1 0.148403 
912 1765 978 1822 1 0.148373 
727 1739 769 1803 1 0.148359 
599 1710 649 1766 1 0.148249 
1330 1812 1331 1885 1 0.212051 
1081 1544 1155 1581 1 0.176469 
1030 1881 1069 1965 1 0.176091 
1078 1554 1137 1592 1 0.175911 
1523 1985 1536 2048 1 0.174046 
1524 1776 1535 1867 1 0.173436 
1419 1543 1498 1586 1 0.172821 
1024 2005 1040 2048 1 0.171208 
1387 2035 1494 2047 1 0.171138 
1215 2033 1297 2048 1 0.171134 
1103 1546 1173 1585 1 0.170230 
1074 1963 1130 2033 1 0.169614 
1440 1546 1516 1589 1 0.169034 
1451 2033 1536 2047 1 0.168931 
1024 2033 1053 2048 1 0.167198 
1465 1540 1536 1586 1 0.166785 
1238 2005 1314 2048 1 0.166519 
1263 1541 1355 1579 1 0.165352 
1524 1739 1535 1841 1 0.165335 
1263 1543 1347 1564 1 0.163903 
1141 1819 1183 1884 1 0.163590 
1244 2033 1339 2047 1 0.162954 
1346 1975 1407 2029 1 0.162600 
1024 2022 1039 2048 1 0.161437 
1149 1542 1226 1581 1 0.157872 
1333 1825 1385 1882 1 0.156882 
1205 1551 1268 1593 1 0.156803 
1143 1641 1195 1692 1 0.155429 
1466 1792 1518 1852 1 0.155418 
1024 1831 1065 1902 1 0.155365 
1164 2034 1264 2047 1 0.154740 
1376 1871 1432 1927 1 0.154719 
1442 2015 1512 2045 1 0.154445 
1286 1925 1334 1985 1 0.154097 
1166 1667 1215 1718 1 0.154085 
1026 1912 1066 1990 1 0.153374 
1422 2034 1512 2048 1 0.153372 
1027 1543 1081 1593 1 0.153137 
1055 2034 1147 2048 1 0.152772 
1341 2034 1442 2047 1 0.152575 
1198 1571 1241 1632 1 0.152375 
1244 2020 1312 2047 1 0.152343 
1114 2035 1220 2047 1 0.152217 
1175 1543 1251 1583 1 0.151662 
1039 2034 1122 2048 1 0.151640 
1024 1780 1064 1855 1 0.150909 
1226 1930 1288 1993 1 0.150764 
1184 1589 1225 1651 1 0.150507 
1249 1615 1292 1662 1 0.150483 
1516 2033 1536 2048 1 0.150420 
1391 1544 1466 1586 1 0.149809 
1294 1554 1362 1573 1 0.149578 
1254 1641 1312 1697 1 0.149217 
1244 1542 1326 1563 1 0.148877 
1056 1963 1108 2031 1 0.148824 
1036 1961 1088 2031 1 0.148694 
1407 2012 1495 2048 1 0.148163 
1216 1550 1284 1589 1 0.148005 
1263 2023 1326 2048 1 0.147800 
1024 1976 1066 2040 1 0.147170 
1204 2005 1278 2045 1 0.146995 
1388 1641 1439 1698 1 0.146606 
1088 2035 1184 2047 1 0.146478 
1353 1636 1400 1698 1 0.146459 
1154 1635 1211 1689 1 0.146331 
1025 1981 1055 2047 1 0.146302 
1165 1805 1221 1868 1 0.146176 
1388 1700 1436 1756 1 0.145797 
1324 1698 1375 1762 1 0.145771 
1324 1980 1379 2037 1 0.145637 
1284 1737 1326 1802 1 0.145482 
1027 1946 1068 2021 1 0.145482 
1249 1620 1311 1673 1 0.144817 
1024 1861 1066 1941 1 0.144485 
1185 2000 1247 2016 1 0.144437 
1465 1896 1515 1968 1 0.144360 
1524 1704 1536 1814 1 0.144274 
1142 1655 1195 1709 1 0.144141 
1240 1542 1319 1580 1 0.144135 
1131 1789 1178 1857 1 0.144127 
1465 2016 1524 2048 1 0.143969 
1492 2032 1536 2048 1 0.143943 
1288 1960 1338 2018 1 0.143882 
1345 1678 1402 1740 1 0.143746 
1168 2000 1231 2015 1 0.143728 
1366 1976 1419 2030 1 0.143571 
1089 1923 1144 1981 1 0.143483 
1060 1951 1112 2019 1 0.143292 
1217 1634 1271 1686 1 0.143282 
1524 1643 1535 1746 1 0.143218 
1024 2005 1095 2044 1 0.143195 
1454 1626 1518 1685 1 0.143133 
1324 1549 1404 1584 1 0.143086 
1524 1949 1536 2042 1 0.142632 
1297 1720 1341 1780 1 0.142613 
1298 1664 1351 1727 1 0.142602 
1369 1957 1420 2017 1 0.142529 
1463 1912 1519 1984 1 0.142466 
1068 1944 1124 2013 1 0.142418 
1148 1789 1197 1856 1 0.142319 
1744 2034 1834 2046 1 0.185897 
1837 1809 1838 1880 1 0.177712 
1797 1541 1879 1583 1 0.175416 
1830 1540 1907 1582 1 0.174853 
1617 2034 1706 2047 1 0.174625 
1809 1775 1852 1834 1 0.174360 
1536 1998 1584 2043 1 0.173883 
1537 1697 1577 1782 1 0.172576 
1943 1944 1990 2004 1 0.171426 
1798 1749 1850 1807 1 0.170533 
1790 1769 1839 1829 1 0.170269 
2035 1587 2048 1670 1 0.168597 
1746 1921 1806 1976 1 0.168287 
1550 2033 1634 2048 1 0.168240 
1814 1767 1867 1824 1 0.167986 
1937 1925 1989 1980 1 0.167915 
1689 1737 1753 1806 1 0.166730 
1536 2023 1552 2048 1 0.164777 
1988 2034 2048 2048 1 0.164297 
1917 2034 2010 2047 1 0.163888 
1629 1540 1698 1584 1 0.163133 
1536 2032 1563 2048 1 0.162805 
1612 1674 1655 1730 1 0.162091 
1848 1538 1927 1582 1 0.161827 
1932 1606 1991 1667 1 0.161797 
1921 1760 1974 1818 1 0.161414 
1731 1934 1779 1990 1 0.161283 
1950 2034 2043 2047 1 0.160677 
1660 1541 1729 1586 1 0.160374 
1917 1809 1975 1868 1 0.160297 
1643 1802 1694 1860 1 0.160014 
1936 1590 1992 1653 1 0.159971 
1962 1933 2012 1985 1 0.159885 
1570 1540 1648 1580 1 0.159136 
2035 1727 2048 1817 1 0.159009 
1696 1545 1759 1592 1 0.158630 
1542 1786 1581 1867 1 0.158173 
1667 1659 1709 1722 1 0.158006 
1539 2033 1605 2048 1 0.157340 
1562 1562 1607 1623 1 0.157325 
1977 1923 2033 1978 1 0.157228 
1667 1679 1712 1739 1 0.157074 
1895 2010 1970 2048 1 0.156239 
1709 1673 1753 1731 1 0.156233 
1582 1761 1626 1828 1 0.156216 
1564 1544 1630 1586 1 0.155871 
1701 1757 1754 1824 1 0.155276 
1877 1923 1937 1975 1 0.155206 
1849 1981 1915 2036 1 0.155196 
1871 1907 1940 1958 1 0.155078 
2036 1762 2047 1853 1 0.154925 
1744 1863 1798 1931 1 0.154656 
1610 1834 1649 1899 1 0.154029 
1964 1536 2048 1616 1 0.153892 
1938 1745 1992 1805 1 0.153793 
1842 1854 1900 1911 1 0.153748 
1662 2034 1754 2047 1 0.153724 
1638 2009 1713 2048 1 0.153700 
1952 1596 2003 1657 1 0.153618 
1622 1832 1666 1897 1 0.153609 
1942 1999 1990 2017 1 0.153306 
1908 1536 1999 1562 1 0.153060 
1837 2034 1933 2047 1 0.153040 
1974 1539 2047 1583 1 0.152956 
1927 1782 1976 1838 1 0.152948 
1868 1819 1926 1877 1 0.152822 
1836 1982 1899 2040 1 0.152624 
1702 1953 1755 2011 1 0.152479 
1772 2034 1876 2047 1 0.152162 
1864 1557 1927 1620 1 0.151990 
1713 1567 1770 1630 1 0.151762 
1579 1795 1624 1864 1 0.151699 
1850 1818 1909 1878 1 0.151472 
1558 1551 1622 1575 1 0.151304 
1969 1700 2027 1750 1 0.150261 
1546 1543 1614 1583 1 0.149689 
1971 1680 2026 1732 1 0.149322 
1838 1543 1918 1564 1 0.149314 
2035 1656 2048 1765 1 0.149223 
1605 2007 1687 2048 1 0.149199 
1918 1607 1975 1668 1 0.149188 
1870 1805 1927 1862 1 0.149113 
1537 1964 1580 2040 1 0.148769 
1753 1932 1795 1992 1 0.148617 
1832 2005 1907 2046 1 0.148561 
1595 1946 1656 2011 1 0.148421 
1827 1873 1885 1927 1 0.148392 
1861 1925 1917 1975 1 0.148179 
1971 1662 2024 1718 1 0.148163 
1650 1552 1713 1575 1 0.148061 
1587 1538 1665 1578 1 0.147976 
1740 1880 1801 1945 1 0.147842 
1853 1951 1915 2010 1 0.147470 
1657 1630 1700 1697 1 0.147433 
1696 1958 1742 2020 1 0.147151 
1953 1771 1997 1833 1 0.146973 
1615 1658 1659 1716 1 0.146909 
2000 1924 2046 1998 1 0.146904 
1536 1848 1578 1925 1 0.146790 
1947 1826 1996 1883 1 0.146765 
