228 192 228 261 1 0.229579 
385 160 465 231 1 0.229075 
402 40 498 116 1 0.214322 
498 64 512 141 1 0.207652 
419 149 487 201 1 0.207531 
296 401 358 457 1 0.204909 
416 161 485 217 1 0.202945 
277 455 345 508 1 0.201824 
225 459 301 511 1 0.201604 
211 331 266 383 1 0.199064 
40 0 174 41 1 0.197764 
0 52 512 252 1 0.196991 
215 411 278 462 1 0.196603 
395 201 451 257 1 0.196133 
381 183 440 244 1 0.194614 
229 329 288 387 1 0.194424 
0 191 28 209 1 0.193702 
471 294 510 365 1 0.192767 
475 186 510 246 1 0.192627 
412 44 472 106 1 0.190020 
415 178 433 231 1 0.189649 
217 5 277 62 1 0.189276 
398 10 474 119 1 0.189243 
395 180 452 240 1 0.189071 
377 59 442 116 1 0.189066 
46 0 123 52 1 0.188654 
0 2 56 51 1 0.188324 
250 459 335 511 1 0.188237 
0 471 17 511 1 0.188077 
37 212 102 266 1 0.187893 
1 210 54 270 1 0.187893 
35 0 98 15 1 0.187669 
217 321 274 373 1 0.186576 
243 0 315 42 1 0.186355 
200 268 262 323 1 0.186001 
370 150 450 225 1 0.185493 
472 0 512 123 1 0.185303 
472 314 509 382 1 0.185016 
373 473 507 511 1 0.184984 
361 62 424 114 1 0.184932 
290 467 366 511 1 0.184802 
394 370 454 420 1 0.184742 
479 24 512 88 1 0.184509 
244 454 314 505 1 0.184332 
43 221 113 276 1 0.184269 
199 407 262 462 1 0.184078 
0 248 49 311 1 0.184070 
443 351 500 403 1 0.184038 
19 220 86 275 1 0.183853 
418 0 512 39 1 0.183613 
225 1 292 45 1 0.183520 
321 467 394 511 1 0.183499 
341 50 478 111 1 0.183465 
249 69 314 126 1 0.183402 
305 339 364 465 1 0.183394 
56 0 126 34 1 0.183340 
436 0 501 128 1 0.183047 
344 0 410 41 1 0.182902 
183 407 244 464 1 0.182704 
431 180 449 230 1 0.182517 
469 245 511 316 1 0.182267 
347 78 406 132 1 0.182059 
270 4 287 51 1 0.182011 
38 0 110 32 1 0.181665 
425 126 486 181 1 0.181549 
272 0 290 28 1 0.181545 
311 452 371 506 1 0.181487 
200 374 260 432 1 0.181462 
300 43 355 101 1 0.181398 
287 408 348 466 1 0.181374 
31 497 112 512 1 0.181344 
377 367 434 419 1 0.181121 
206 448 292 509 1 0.181064 
196 397 283 465 1 0.180648 
237 27 293 87 1 0.180495 
240 0 257 28 1 0.179936 
460 350 508 409 1 0.179460 
474 199 509 261 1 0.179162 
231 415 296 465 1 0.179105 
418 175 475 193 1 0.178545 
430 170 498 231 1 0.178470 
400 31 459 91 1 0.178468 
0 257 14 328 1 0.178390 
357 93 417 148 1 0.178205 
438 141 504 196 1 0.178165 
333 0 399 26 1 0.178021 
253 49 313 104 1 0.177868 
305 435 409 504 1 0.177584 
464 411 511 478 1 0.177494 
462 354 480 404 1 0.177359 
299 52 435 113 1 0.176799 
420 333 510 406 1 0.176717 
207 297 274 375 1 0.176678 
84 10 153 63 1 0.176610 
366 181 424 244 1 0.176520 
345 8 405 65 1 0.176502 
406 2 470 50 1 0.176442 
182 464 325 510 1 0.176414 
243 329 303 388 1 0.176375 
218 433 286 484 1 0.176239 
892 314 994 386 1 0.467400 
742 299 817 378 1 0.360184 
903 111 994 182 1 0.311518 
916 396 998 476 1 0.292195 
727 183 728 250 1 0.213641 
829 463 909 511 1 0.200765 
978 176 1023 244 1 0.198574 
799 429 890 506 1 0.196792 
805 463 885 512 1 0.196234 
937 106 1002 165 1 0.195148 
587 306 651 358 1 0.194705 
838 347 900 400 1 0.194678 
911 363 972 420 1 0.194653 
732 300 802 358 1 0.192360 
903 314 972 369 1 0.192068 
786 332 901 400 1 0.192001 
740 290 813 346 1 0.191454 
950 400 1018 472 1 0.190364 
512 152 555 215 1 0.189497 
775 366 862 468 1 0.188578 
603 330 664 380 1 0.188491 
874 363 933 419 1 0.188260 
756 330 859 401 1 0.187827 
512 372 551 448 1 0.187360 
512 356 550 428 1 0.187237 
987 395 1024 456 1 0.186556 
512 296 550 363 1 0.185637 
906 330 972 381 1 0.185182 
854 362 912 417 1 0.184958 
519 135 575 198 1 0.184562 
634 205 689 263 1 0.184417 
775 312 839 375 1 0.184261 
790 332 857 390 1 0.183853 
991 74 1024 134 1 0.183559 
631 175 689 229 1 0.183492 
1010 111 1024 190 1 0.183463 
977 93 1024 161 1 0.183149 
512 322 548 393 1 0.183087 
829 365 917 449 1 0.183047 
787 182 835 229 1 0.183025 
734 324 798 381 1 0.182920 
823 238 884 287 1 0.182589 
875 325 937 380 1 0.182584 
512 0 620 37 1 0.182471 
781 220 836 274 1 0.182228 
514 390 552 468 1 0.182045 
829 471 977 512 1 0.181924 
557 417 614 469 1 0.181772 
952 344 1013 402 1 0.181527 
873 346 932 400 1 0.181343 
601 478 677 512 1 0.181278 
830 441 920 508 1 0.181262 
841 361 898 420 1 0.181156 
796 450 860 506 1 0.181052 
637 221 693 279 1 0.180501 
512 168 557 232 1 0.180496 
911 269 1020 339 1 0.180447 
944 187 1021 273 1 0.180418 
892 327 955 379 1 0.180091 
523 486 551 512 1 0.179957 
527 0 607 16 1 0.179939 
878 467 954 509 1 0.179866 
914 307 980 358 1 0.179698 
984 321 1024 473 1 0.179615 
690 478 768 509 1 0.179527 
979 58 1021 125 1 0.179511 
869 431 934 485 1 0.179469 
925 415 989 479 1 0.179379 
921 468 993 509 1 0.179378 
960 5 1017 53 1 0.179355 
854 465 933 511 1 0.178880 
864 433 956 504 1 0.178857 
923 346 984 400 1 0.178785 
939 173 998 228 1 0.178749 
519 157 577 214 1 0.178708 
975 410 1021 485 1 0.178682 
847 282 905 335 1 0.178622 
860 190 917 248 1 0.178596 
822 208 883 261 1 0.178566 
959 0 1017 27 1 0.178361 
760 0 833 36 1 0.178347 
1009 273 1023 347 1 0.178339 
986 262 1024 413 1 0.178221 
908 344 970 396 1 0.178121 
897 270 992 348 1 0.178113 
757 325 824 390 1 0.177884 
978 21 1024 82 1 0.177649 
824 474 886 512 1 0.177588 
989 89 1024 148 1 0.177435 
892 473 1024 512 1 0.177413 
976 379 1023 449 1 0.177262 
758 353 882 498 1 0.177016 
699 210 758 262 1 0.176551 
859 210 917 267 1 0.176550 
890 272 947 324 1 0.176493 
601 350 666 399 1 0.176423 
784 424 799 471 1 0.176202 
888 430 952 482 1 0.176151 
991 346 1024 404 1 0.176098 
899 482 967 511 1 0.176039 
1411 374 1499 440 1 0.256512 
1194 226 1274 294 1 0.234131 
1266 214 1266 279 1 0.233698 
1407 61 1498 128 1 0.221781 
1405 163 1494 232 1 0.218964 
1226 14 1293 75 1 0.217495 
1096 224 1186 291 1 0.216404 
1409 389 1495 455 1 0.215562 
1234 24 1303 81 1 0.210746 
1025 180 1078 248 1 0.209442 
1174 0 1244 28 1 0.207665 
1487 83 1505 133 1 0.206993 
1184 393 1256 451 1 0.206794 
1340 41 1395 102 1 0.205387 
1024 94 1052 112 1 0.201096 
1464 62 1530 121 1 0.200701 
1024 33 1039 104 1 0.198808 
1024 123 1126 234 1 0.197967 
1479 156 1532 219 1 0.197439 
1120 0 1137 26 1 0.197323 
1460 0 1527 46 1 0.197237 
1214 35 1232 83 1 0.197102 
1446 333 1529 396 1 0.196903 
1462 13 1530 73 1 0.196386 
1162 26 1229 82 1 0.194358 
1416 12 1525 78 1 0.194064 
1456 365 1523 426 1 0.193487 
1024 452 1039 509 1 0.193261 
1189 24 1256 80 1 0.192921 
1184 250 1255 305 1 0.192114 
1439 0 1507 16 1 0.192075 
1446 0 1516 32 1 0.191971 
1178 14 1239 73 1 0.191926 
1030 223 1055 293 1 0.191921 
1488 431 1535 492 1 0.191400 
1344 4 1412 30 1 0.191307 
1145 14 1209 69 1 0.191286 
1322 22 1375 86 1 0.191049 
1426 31 1484 48 1 0.191033 
1225 37 1289 92 1 0.190699 
1236 222 1300 282 1 0.190177 
1246 461 1326 510 1 0.190167 
1522 289 1536 360 1 0.190073 
1486 316 1533 382 1 0.189697 
1152 0 1169 26 1 0.189027 
1458 378 1536 487 1 0.188933 
1489 125 1533 191 1 0.188116 
1024 147 1039 211 1 0.187950 
1203 399 1259 416 1 0.187839 
1493 267 1535 332 1 0.187825 
1476 329 1531 397 1 0.187592 
1450 0 1536 156 1 0.187526 
1177 41 1240 91 1 0.187448 
1354 122 1414 176 1 0.187132 
1406 50 1473 109 1 0.186832 
1149 260 1211 312 1 0.186554 
1446 399 1511 454 1 0.185842 
1500 346 1536 403 1 0.185559 
1225 54 1286 108 1 0.185354 
1292 253 1349 310 1 0.185201 
1104 216 1218 283 1 0.184749 
1262 23 1328 81 1 0.184587 
1039 162 1157 263 1 0.184440 
1485 391 1535 453 1 0.184210 
1473 0 1532 15 1 0.184209 
1465 431 1525 486 1 0.184185 
1156 79 1237 151 1 0.184031 
1119 232 1208 297 1 0.184013 
1179 0 1304 46 1 0.183903 
1144 31 1207 82 1 0.183891 
1503 35 1521 84 1 0.183821 
1261 432 1377 512 1 0.183604 
1418 435 1527 498 1 0.183551 
1024 111 1067 173 1 0.183550 
1024 263 1065 333 1 0.183549 
1290 24 1348 84 1 0.183461 
1164 429 1229 482 1 0.183310 
1130 31 1191 84 1 0.183284 
1029 141 1089 196 1 0.183035 
1462 409 1522 467 1 0.182986 
1024 345 1071 402 1 0.182823 
1167 240 1239 292 1 0.182784 
1422 8 1490 67 1 0.182529 
1437 296 1499 354 1 0.182478 
1024 172 1057 248 1 0.182419 
1112 207 1172 259 1 0.182350 
1491 11 1532 69 1 0.182286 
1162 2 1228 52 1 0.182252 
1050 125 1107 178 1 0.181777 
1424 99 1440 150 1 0.181754 
1159 43 1224 95 1 0.181716 
1487 356 1504 406 1 0.181613 
1497 0 1536 94 1 0.181527 
1436 203 1494 251 1 0.181146 
1327 0 1413 13 1 0.181094 
1024 17 1038 83 1 0.180979 
1417 0 1495 28 1 0.180970 
1444 70 1512 125 1 0.180912 
1396 160 1452 176 1 0.180878 
1490 409 1535 471 1 0.180877 
1915 444 2029 508 1 0.299716 
1536 172 1616 242 1 0.242012 
1536 441 1582 505 1 0.206606 
1723 90 1788 143 1 0.205843 
1701 464 1756 480 1 0.204835 
1813 470 1879 512 1 0.204609 
1730 326 1800 383 1 0.204084 
1680 474 1808 512 1 0.202566 
1837 14 1895 41 1 0.202489 
2002 495 2048 512 1 0.199780 
1906 2 1975 36 1 0.198728 
1603 475 1679 509 1 0.198159 
1702 72 1784 136 1 0.196137 
1701 152 1770 206 1 0.196098 
1931 461 2003 510 1 0.195471 
1725 145 1794 204 1 0.194745 
1818 398 1872 453 1 0.194345 
1735 414 1801 476 1 0.194316 
2033 241 2048 308 1 0.193604 
1706 342 1770 395 1 0.193024 
1959 331 2020 392 1 0.192669 
1607 395 1675 445 1 0.192128 
1967 456 2036 510 1 0.192018 
1536 178 1587 245 1 0.191559 
1929 177 2031 243 1 0.190960 
1819 146 1872 207 1 0.190727 
1804 147 1859 207 1 0.190490 
1694 131 1755 182 1 0.189937 
1537 21 1682 152 1 0.189359 
1566 180 1584 229 1 0.189287 
1706 385 1773 435 1 0.189253 
1642 397 1707 447 1 0.189176 
1966 395 2020 451 1 0.189042 
1687 25 1757 77 1 0.188990 
1969 342 2031 404 1 0.188850 
1900 467 1971 510 1 0.188604 
1536 473 1662 510 1 0.188548 
1928 444 1996 502 1 0.188387 
1822 258 1823 332 1 0.188279 
1882 0 2009 44 1 0.188137 
1536 323 1550 390 1 0.188085 
1536 124 1583 187 1 0.187998 
1536 470 1553 512 1 0.187981 
1948 356 2006 410 1 0.187246 
1658 10 1728 62 1 0.187243 
1717 167 1779 222 1 0.187120 
1995 39 2043 111 1 0.186706 
1697 135 1798 218 1 0.186689 
1655 423 1779 508 1 0.186088 
1927 41 1992 94 1 0.186063 
1865 274 1924 324 1 0.186008 
1821 411 1875 469 1 0.185392 
1829 173 1885 235 1 0.184589 
1536 99 1581 160 1 0.184575 
2013 40 2048 101 1 0.184543 
1973 9 2038 71 1 0.184511 
1716 463 1774 480 1 0.184492 
1542 192 1602 251 1 0.184402 
1836 410 1894 469 1 0.184305 
1536 80 1579 146 1 0.184163 
1787 200 1847 257 1 0.184068 
1862 0 1936 25 1 0.184030 
1705 105 1768 160 1 0.183989 
1887 211 2022 271 1 0.183768 
1803 187 1862 248 1 0.183411 
1790 1 1878 14 1 0.183349 
1724 474 1882 512 1 0.183325 
1977 159 2038 217 1 0.183135 
1742 5 1814 61 1 0.183103 
1738 239 1803 297 1 0.182665 
1677 53 1745 105 1 0.182628 
1536 387 1549 454 1 0.182553 
1639 397 1720 466 1 0.182490 
2015 178 2032 228 1 0.182428 
1738 151 1806 209 1 0.182254 
1914 195 2024 280 1 0.182241 
1588 476 1723 511 1 0.182114 
1578 174 1699 240 1 0.181952 
1937 274 2035 338 1 0.181932 
1865 416 1923 467 1 0.181841 
2032 165 2048 224 1 0.181634 
1568 196 1584 245 1 0.181515 
1984 35 2000 89 1 0.181346 
1748 265 1849 333 1 0.180814 
1900 443 1968 496 1 0.180792 
1675 74 1739 130 1 0.180749 
1961 356 2019 413 1 0.180666 
1742 100 1761 146 1 0.180665 
1895 308 1969 401 1 0.180559 
1709 86 1772 141 1 0.180546 
1720 6 1792 65 1 0.180522 
1743 46 1859 115 1 0.180505 
1833 148 1888 211 1 0.180372 
1807 4 1882 45 1 0.180317 
1950 342 2007 398 1 0.180308 
1912 4 2013 94 1 0.180152 
1717 111 1821 182 1 0.180147 
1639 64 1704 116 1 0.179951 
1646 1 1796 42 1 0.179884 
1595 227 1683 317 1 0.179811 
71 819 173 891 1 0.757948 
311 795 402 848 1 0.371608 
300 783 300 854 1 0.234055 
216 732 272 797 1 0.206938 
282 984 349 1020 1 0.202088 
314 987 392 1023 1 0.195575 
331 991 412 1024 1 0.191371 
153 747 217 800 1 0.190943 
215 711 273 772 1 0.190878 
186 514 264 553 1 0.186713 
291 518 384 593 1 0.186538 
339 796 414 846 1 0.186222 
300 987 369 1024 1 0.186179 
72 815 146 873 1 0.186092 
402 976 459 992 1 0.185350 
167 735 228 794 1 0.184715 
142 823 211 882 1 0.183536 
4 984 80 1024 1 0.183267 
392 984 468 1022 1 0.182505 
64 752 324 908 1 0.182281 
467 610 512 680 1 0.181922 
43 815 108 869 1 0.181370 
72 803 143 858 1 0.181125 
300 788 375 839 1 0.180513 
317 788 436 849 1 0.180303 
230 698 292 754 1 0.180217 
255 696 305 744 1 0.180017 
479 662 512 724 1 0.179822 
212 529 267 579 1 0.179235 
318 512 400 526 1 0.178761 
415 594 506 672 1 0.178720 
348 805 419 856 1 0.178687 
374 519 435 579 1 0.178165 
168 516 241 556 1 0.177855 
146 810 213 868 1 0.177851 
277 512 356 540 1 0.177663 
204 743 263 808 1 0.177505 
467 594 512 660 1 0.177307 
191 888 241 946 1 0.177091 
191 740 207 793 1 0.176783 
307 512 383 538 1 0.176446 
225 559 278 613 1 0.176425 
74 778 138 834 1 0.176080 
217 887 275 943 1 0.175832 
183 802 246 855 1 0.175661 
117 748 184 800 1 0.175528 
121 783 185 836 1 0.174924 
349 782 418 834 1 0.174583 
98 799 169 855 1 0.174521 
155 517 222 558 1 0.174510 
479 679 512 741 1 0.174346 
442 700 501 752 1 0.174243 
226 732 289 793 1 0.173924 
175 759 192 806 1 0.173731 
210 978 279 1021 1 0.173471 
400 530 415 586 1 0.172898 
159 852 176 904 1 0.172887 
479 713 512 772 1 0.172515 
374 944 440 993 1 0.172353 
212 957 277 1013 1 0.172246 
175 742 191 792 1 0.172197 
465 643 512 711 1 0.171785 
40 742 127 828 1 0.171661 
324 537 390 591 1 0.171574 
325 939 389 993 1 0.171561 
3 796 66 848 1 0.171264 
153 982 222 1024 1 0.171142 
191 758 208 808 1 0.170918 
142 747 206 879 1 0.170691 
221 784 341 846 1 0.170184 
282 787 356 835 1 0.170125 
400 512 416 543 1 0.169823 
371 985 446 1024 1 0.169707 
457 973 510 1022 1 0.169662 
425 810 483 869 1 0.169627 
246 711 309 771 1 0.169548 
309 937 370 995 1 0.169197 
2 856 45 927 1 0.169079 
383 512 400 543 1 0.168494 
101 747 169 804 1 0.168483 
499 791 512 862 1 0.168266 
212 513 284 552 1 0.168160 
160 825 226 880 1 0.168063 
52 790 180 854 1 0.167914 
478 697 512 757 1 0.167878 
40 512 109 554 1 0.167784 
267 789 389 848 1 0.167750 
206 512 362 550 1 0.167696 
349 726 405 791 1 0.167678 
299 512 429 557 1 0.167593 
308 539 376 594 1 0.167384 
368 799 434 849 1 0.167382 
76 760 134 819 1 0.167189 
469 826 512 900 1 0.167188 
262 512 336 558 1 0.167117 
213 759 277 816 1 0.166917 
59 981 141 1022 1 0.166861 
215 687 277 741 1 0.166657 
226 959 294 1012 1 0.166576 
231 523 300 570 1 0.166488 
810 543 886 623 1 0.299930 
733 945 802 998 1 0.221805 
777 740 777 815 1 0.207716 
774 512 844 551 1 0.199829 
513 863 576 922 1 0.196950 
757 512 830 558 1 0.196795 
822 606 883 666 1 0.193865 
747 909 807 969 1 0.192719 
825 569 888 629 1 0.192519 
751 942 820 995 1 0.192259 
798 542 866 598 1 0.191966 
758 512 877 555 1 0.191716 
512 858 550 920 1 0.191435 
846 512 958 616 1 0.189663 
552 987 635 1022 1 0.189412 
896 512 912 542 1 0.189275 
518 909 578 965 1 0.189056 
820 541 892 598 1 0.188422 
804 512 880 545 1 0.187530 
814 665 884 753 1 0.187487 
531 985 664 1023 1 0.187383 
781 606 838 663 1 0.186902 
543 873 608 926 1 0.186870 
692 945 821 1009 1 0.186661 
704 886 800 958 1 0.186624 
770 567 822 626 1 0.186008 
889 556 996 622 1 0.185288 
730 930 798 984 1 0.185121 
612 989 764 1024 1 0.184987 
514 950 630 1015 1 0.184979 
959 512 1017 552 1 0.184820 
937 515 993 556 1 0.183735 
674 983 826 1024 1 0.183541 
765 926 831 981 1 0.182895 
548 888 609 942 1 0.182469 
789 512 908 556 1 0.182392 
915 512 976 631 1 0.181990 
780 622 839 677 1 0.181830 
524 896 651 999 1 0.181587 
794 620 853 677 1 0.181201 
746 512 815 548 1 0.180674 
988 634 1023 693 1 0.180663 
712 914 807 978 1 0.180417 
922 529 976 583 1 0.180154 
905 514 969 559 1 0.180104 
810 628 864 686 1 0.179878 
803 512 893 574 1 0.179724 
868 602 930 659 1 0.179674 
746 929 811 982 1 0.179591 
991 664 1024 724 1 0.179292 
618 603 679 657 1 0.179251 
759 512 880 583 1 0.179235 
956 603 1015 663 1 0.179151 
661 537 726 594 1 0.178780 
619 558 681 613 1 0.178757 
813 615 873 673 1 0.178482 
725 512 800 542 1 0.177554 
636 653 694 706 1 0.177466 
512 974 563 1020 1 0.177420 
834 512 910 545 1 0.177256 
540 908 634 986 1 0.177181 
616 910 681 966 1 0.177135 
617 586 678 638 1 0.176903 
512 1008 541 1024 1 0.176884 
714 983 789 1020 1 0.176873 
783 585 837 642 1 0.176758 
729 654 790 707 1 0.176697 
536 665 601 718 1 0.176574 
669 913 772 976 1 0.176508 
512 963 526 1023 1 0.176506 
512 790 559 856 1 0.176478 
517 814 594 903 1 0.176433 
512 948 594 1009 1 0.176318 
785 512 849 592 1 0.176006 
584 584 644 638 1 0.175792 
689 513 827 552 1 0.175670 
793 521 862 576 1 0.175628 
729 879 829 954 1 0.175525 
521 945 547 1022 1 0.175317 
691 875 816 971 1 0.175001 
690 989 779 1021 1 0.174985 
814 562 885 651 1 0.174829 
575 989 726 1024 1 0.174698 
990 715 1023 773 1 0.174525 
775 520 841 575 1 0.174421 
526 869 595 924 1 0.174323 
538 925 595 982 1 0.173881 
564 861 621 911 1 0.173717 
665 683 725 737 1 0.173682 
655 906 788 995 1 0.173663 
614 665 677 721 1 0.173663 
903 551 968 607 1 0.173466 
699 909 760 964 1 0.173243 
527 934 551 1010 1 0.173241 
512 971 538 1023 1 0.173060 
847 698 913 753 1 0.172995 
730 517 798 572 1 0.172961 
798 604 855 664 1 0.172911 
795 695 859 750 1 0.172902 
752 570 808 628 1 0.172898 
1232 686 1233 752 1 0.283384 
1024 517 1040 573 1 0.231912 
1238 512 1322 552 1 0.209621 
1293 514 1363 562 1 0.204697 
1026 543 1089 601 1 0.199914 
1179 586 1230 641 1 0.199255 
1303 750 1364 806 1 0.197211 
1194 559 1250 615 1 0.196392 
1148 583 1207 638 1 0.194355 
1271 512 1351 558 1 0.193089 
1418 674 1473 731 1 0.192670 
1388 566 1461 669 1 0.190716 
1030 527 1092 586 1 0.190353 
1401 716 1469 778 1 0.190280 
1182 602 1236 657 1 0.189470 
1041 539 1103 599 1 0.187869 
1403 673 1458 731 1 0.186940 
1075 570 1137 622 1 0.186320 
1081 523 1143 579 1 0.185903 
1029 550 1103 623 1 0.185769 
1292 727 1346 788 1 0.185644 
1242 512 1388 552 1 0.184705 
1212 512 1290 542 1 0.184608 
1199 829 1252 883 1 0.184478 
1175 568 1229 627 1 0.184433 
1455 1009 1536 1023 1 0.184411 
1366 685 1474 759 1 0.184370 
1411 723 1502 787 1 0.184296 
1365 718 1429 779 1 0.184055 
1522 787 1535 856 1 0.183994 
1079 586 1136 643 1 0.183819 
1493 940 1535 1007 1 0.183708 
1192 512 1270 539 1 0.182540 
1368 683 1427 743 1 0.181980 
1080 602 1139 658 1 0.181332 
1130 520 1193 575 1 0.180861 
1388 741 1448 794 1 0.180663 
1445 727 1511 785 1 0.180347 
1531 1011 1536 1024 1 0.179937 
1450 522 1507 550 1 0.179455 
1502 589 1536 643 1 0.179339 
1522 719 1536 798 1 0.178960 
1466 983 1536 1021 1 0.178878 
1024 534 1119 639 1 0.178706 
1096 512 1161 560 1 0.178647 
1024 512 1076 567 1 0.178357 
1505 744 1536 801 1 0.178327 
1305 730 1360 788 1 0.177764 
1062 524 1123 581 1 0.177647 
1267 512 1340 545 1 0.177556 
1024 512 1119 551 1 0.177509 
1292 744 1350 801 1 0.177329 
1354 604 1411 658 1 0.176993 
1472 761 1527 820 1 0.176862 
1189 539 1251 587 1 0.176856 
1172 513 1240 560 1 0.176326 
1149 718 1204 772 1 0.176247 
1080 540 1142 596 1 0.175932 
1383 724 1450 782 1 0.175494 
1390 660 1455 786 1 0.175000 
1259 533 1314 591 1 0.174770 
1484 991 1535 1023 1 0.174737 
1049 523 1134 593 1 0.174702 
1341 603 1395 657 1 0.174679 
1065 616 1122 670 1 0.174511 
1044 513 1104 563 1 0.174500 
1356 740 1415 797 1 0.174493 
1429 685 1487 740 1 0.174445 
1142 512 1216 536 1 0.174344 
1048 567 1111 625 1 0.174185 
1081 761 1140 819 1 0.174009 
1179 538 1235 591 1 0.173953 
1065 515 1127 563 1 0.173904 
1164 716 1220 771 1 0.173568 
1431 741 1494 794 1 0.173557 
1305 512 1466 550 1 0.173331 
1024 777 1066 838 1 0.173242 
1359 665 1425 787 1 0.173156 
1024 512 1042 527 1 0.173110 
1385 781 1446 839 1 0.172887 
1182 512 1322 552 1 0.172852 
1148 537 1205 591 1 0.172737 
1368 637 1425 692 1 0.172710 
1024 974 1082 1022 1 0.172700 
1489 975 1536 1018 1 0.172636 
1367 703 1426 763 1 0.172610 
1097 589 1154 645 1 0.172607 
1258 514 1321 568 1 0.172572 
1111 513 1181 560 1 0.172504 
1061 556 1123 612 1 0.172315 
1027 701 1075 760 1 0.171967 
1502 512 1536 562 1 0.171808 
1444 685 1504 740 1 0.171665 
1061 539 1121 597 1 0.171657 
1106 512 1184 535 1 0.171521 
1293 1011 1392 1023 1 0.171496 
1024 582 1048 647 1 0.171400 
1298 512 1366 540 1 0.171379 
1406 687 1500 764 1 0.171348 
1140 515 1206 561 1 0.171192 
1762 934 1834 1016 1 0.481915 
1893 583 1971 650 1 0.390865 
1566 817 1661 890 1 0.340361 
1719 826 1807 904 1 0.263808 
1694 515 1712 563 1 0.216226 
1943 636 2011 696 1 0.210859 
1946 970 2011 1022 1 0.209907 
1536 929 1550 999 1 0.207538 
1909 823 1973 875 1 0.206565 
1737 683 1738 745 1 0.203546 
1926 793 1988 856 1 0.202779 
1981 991 2034 1024 1 0.202711 
1910 801 1976 860 1 0.201416 
1695 532 1712 581 1 0.200523 
1710 517 1729 562 1 0.200307 
1757 972 1824 1023 1 0.197766 
1724 565 1788 618 1 0.197694 
1730 582 1796 640 1 0.195600 
1956 605 2014 665 1 0.194686 
1591 837 1654 893 1 0.193405 
1968 960 2033 1019 1 0.193364 
1961 984 2019 1021 1 0.193329 
1879 804 1946 858 1 0.192409 
1800 611 1858 675 1 0.192320 
1970 625 2032 685 1 0.191922 
1919 819 1937 866 1 0.189884 
1924 975 1978 992 1 0.187399 
1620 512 1748 605 1 0.187376 
1697 859 1758 912 1 0.187244 
1541 944 1620 1014 1 0.186841 
1719 512 1792 542 1 0.186746 
1706 512 1799 571 1 0.186721 
2004 1008 2048 1024 1 0.186591 
1970 641 2032 703 1 0.186532 
1803 909 1856 964 1 0.186288 
1537 827 1585 893 1 0.186233 
1804 836 1862 893 1 0.186085 
1872 803 1888 853 1 0.185086 
1743 825 1814 884 1 0.184943 
1563 534 1619 593 1 0.184596 
1696 847 1756 900 1 0.184541 
1912 840 1972 892 1 0.184246 
1817 632 1876 689 1 0.184030 
1803 894 1855 948 1 0.184030 
1718 816 1790 871 1 0.183757 
1690 960 1762 1013 1 0.183715 
2015 716 2048 775 1 0.183383 
1574 517 1667 592 1 0.183283 
1889 794 1962 853 1 0.182961 
1688 619 1748 668 1 0.182409 
1944 985 2004 1019 1 0.182227 
1911 787 1973 846 1 0.182121 
1665 561 1779 630 1 0.181940 
1816 991 1879 1024 1 0.181697 
1757 555 1842 636 1 0.181677 
1930 562 1983 619 1 0.181156 
1764 583 1843 660 1 0.180900 
1865 786 1934 844 1 0.180200 
1756 688 1813 736 1 0.180156 
1759 516 1826 573 1 0.180137 
1847 586 1904 642 1 0.180097 
2010 563 2048 692 1 0.180033 
1623 536 1683 589 1 0.179995 
1885 1009 1972 1023 1 0.179646 
1742 540 1853 644 1 0.179630 
1692 820 1757 876 1 0.179626 
1707 929 1763 984 1 0.179604 
1799 988 1860 1024 1 0.179527 
1917 985 1997 1023 1 0.179436 
1651 512 1721 528 1 0.179347 
1711 565 1795 636 1 0.179189 
1563 981 1632 1023 1 0.179096 
1722 874 1779 926 1 0.179091 
1688 535 1749 591 1 0.179084 
1536 793 1582 859 1 0.179032 
1831 522 1892 547 1 0.178914 
1617 828 1682 887 1 0.178882 
1661 670 1717 721 1 0.178739 
1655 823 1717 880 1 0.178697 
1680 876 1736 928 1 0.178601 
1560 825 1630 886 1 0.178550 
1681 512 1757 559 1 0.178432 
1837 786 1941 850 1 0.178307 
1740 782 1855 850 1 0.178220 
1942 800 1998 860 1 0.178046 
1557 940 1622 994 1 0.177841 
1714 551 1820 640 1 0.177737 
1961 749 2017 806 1 0.177387 
1537 910 1565 974 1 0.177384 
1680 532 1696 582 1 0.177104 
1536 742 1573 890 1 0.176759 
1801 924 1858 983 1 0.176715 
1627 558 1743 626 1 0.176624 
1536 744 1575 806 1 0.176550 
1644 671 1701 717 1 0.176525 
1887 806 1904 850 1 0.176523 
1722 634 1784 683 1 0.176382 
1871 822 1930 877 1 0.176315 
1661 512 1731 553 1 0.176155 
1536 661 1577 723 1 0.176055 
0 1028 17 1087 1 0.224941 
210 1203 211 1269 1 0.208594 
418 1164 484 1218 1 0.202116 
428 1436 488 1496 1 0.200805 
425 1150 488 1200 1 0.197747 
1 1027 55 1073 1 0.197438 
1 1248 44 1323 1 0.195691 
369 1170 480 1233 1 0.191503 
427 1135 486 1186 1 0.190698 
0 1042 15 1104 1 0.189806 
444 1350 505 1413 1 0.189679 
412 1134 473 1189 1 0.188941 
327 1171 443 1234 1 0.188918 
214 1134 281 1188 1 0.187596 
3 1484 52 1532 1 0.187344 
220 1442 387 1536 1 0.186477 
426 1495 499 1535 1 0.184554 
407 1030 511 1101 1 0.184361 
329 1051 394 1099 1 0.182939 
21 1520 45 1536 1 0.182887 
401 1181 512 1275 1 0.182851 
342 1071 408 1119 1 0.182660 
417 1178 487 1234 1 0.182337 
0 1058 15 1126 1 0.182094 
372 1466 441 1523 1 0.182047 
441 1465 502 1523 1 0.181879 
52 1040 123 1086 1 0.180694 
471 1450 512 1519 1 0.180637 
497 1330 511 1405 1 0.180157 
215 1070 278 1125 1 0.179814 
1 1433 46 1500 1 0.178824 
355 1186 455 1251 1 0.178592 
353 1036 456 1102 1 0.178192 
437 1050 512 1302 1 0.178013 
2 1504 54 1536 1 0.177794 
440 1024 512 1071 1 0.177302 
465 1178 512 1246 1 0.177290 
334 1133 393 1187 1 0.177242 
160 1024 461 1176 1 0.177135 
0 1024 16 1046 1 0.176687 
157 1024 224 1053 1 0.176250 
0 1208 42 1281 1 0.176158 
332 1098 391 1150 1 0.176130 
463 1158 512 1224 1 0.176061 
0 1271 44 1347 1 0.175895 
405 1154 473 1206 1 0.175478 
420 1168 512 1230 1 0.175318 
373 1449 503 1533 1 0.175215 
296 1065 357 1120 1 0.175181 
108 1471 166 1521 1 0.175171 
275 1163 343 1214 1 0.175078 
176 1024 252 1071 1 0.174991 
474 1085 512 1243 1 0.174869 
394 1154 511 1245 1 0.174829 
260 1113 322 1169 1 0.174666 
424 1309 481 1367 1 0.174450 
388 1098 457 1151 1 0.174431 
332 1167 397 1218 1 0.174353 
382 1049 453 1101 1 0.174339 
425 1468 487 1522 1 0.174121 
430 1143 512 1255 1 0.173924 
395 1119 456 1172 1 0.173814 
1 1458 46 1525 1 0.173597 
357 1180 436 1231 1 0.173335 
331 1085 395 1134 1 0.173211 
363 1122 419 1174 1 0.173194 
478 1237 511 1304 1 0.172848 
369 1084 436 1135 1 0.172822 
378 1186 480 1254 1 0.172815 
316 1130 377 1183 1 0.172815 
471 1024 510 1161 1 0.172759 
50 1024 342 1174 1 0.172740 
277 1116 341 1169 1 0.172661 
251 1036 449 1192 1 0.172617 
0 1061 43 1122 1 0.172546 
414 1100 511 1175 1 0.172423 
327 1039 390 1088 1 0.172369 
387 1169 461 1218 1 0.172340 
377 1140 506 1202 1 0.171992 
427 1137 512 1200 1 0.171910 
289 1169 410 1233 1 0.171878 
423 1325 481 1379 1 0.171672 
385 1097 482 1169 1 0.171566 
433 1109 505 1229 1 0.171379 
300 1024 445 1068 1 0.171353 
371 1097 438 1148 1 0.171278 
23 1040 92 1087 1 0.171251 
408 1083 472 1138 1 0.171130 
321 1035 426 1103 1 0.171126 
170 1205 234 1261 1 0.171079 
348 1169 418 1219 1 0.170992 
419 1191 490 1249 1 0.170889 
2 1398 41 1468 1 0.170854 
437 1125 512 1379 1 0.170789 
373 1024 450 1051 1 0.170785 
359 1135 419 1187 1 0.170681 
105 1492 168 1534 1 0.170334 
443 1132 504 1189 1 0.170327 
183 1384 232 1433 1 0.170260 
192 1024 269 1039 1 0.170100 
682 1379 789 1463 1 0.288717 
621 1024 694 1054 1 0.202461 
676 1501 759 1535 1 0.201070 
512 1031 527 1089 1 0.197736 
534 1025 661 1116 1 0.195246 
638 1024 711 1063 1 0.193818 
754 1232 754 1298 1 0.193561 
994 1488 1024 1534 1 0.192464 
708 1498 789 1534 1 0.191221 
950 1493 1017 1535 1 0.190996 
974 1490 1021 1533 1 0.190787 
750 1093 810 1145 1 0.190712 
546 1186 622 1237 1 0.190410 
995 1034 1024 1095 1 0.188866 
994 1065 1023 1130 1 0.188865 
524 1395 546 1474 1 0.187615 
557 1172 672 1236 1 0.187438 
995 1050 1024 1114 1 0.186463 
791 1498 871 1536 1 0.185325 
756 1500 837 1536 1 0.183879 
512 1049 658 1176 1 0.182463 
993 1111 1022 1178 1 0.182399 
512 1194 540 1262 1 0.181176 
670 1394 732 1455 1 0.181110 
993 1467 1024 1523 1 0.180240 
902 1493 982 1534 1 0.180061 
723 1414 790 1470 1 0.179653 
625 1025 757 1068 1 0.179537 
556 1195 628 1244 1 0.179326 
512 1186 527 1255 1 0.178897 
532 1451 549 1536 1 0.178782 
560 1504 644 1536 1 0.178728 
992 1024 1024 1074 1 0.178543 
642 1504 731 1535 1 0.178534 
532 1024 679 1065 1 0.178413 
993 1208 1023 1269 1 0.178165 
994 1161 1021 1227 1 0.177209 
992 1095 1022 1161 1 0.176558 
593 1061 667 1115 1 0.176345 
528 1412 547 1494 1 0.176245 
567 1038 635 1091 1 0.176168 
512 1083 550 1248 1 0.176116 
530 1175 639 1237 1 0.176086 
598 1059 715 1136 1 0.175908 
990 1143 1020 1210 1 0.175558 
635 1345 695 1397 1 0.175394 
555 1031 654 1100 1 0.175302 
595 1195 655 1249 1 0.175145 
692 1399 757 1456 1 0.174955 
991 1221 1023 1284 1 0.174861 
584 1277 648 1332 1 0.174550 
567 1133 678 1201 1 0.174354 
584 1024 654 1050 1 0.174207 
512 1129 537 1205 1 0.174084 
995 1178 1022 1243 1 0.174029 
519 1378 542 1453 1 0.173970 
992 1306 1022 1370 1 0.173771 
512 1324 526 1418 1 0.173768 
567 1198 665 1264 1 0.173638 
518 1116 541 1196 1 0.173611 
653 1347 715 1400 1 0.173391 
524 1118 595 1230 1 0.173347 
994 1433 1024 1492 1 0.173301 
512 1024 527 1044 1 0.173199 
571 1096 677 1176 1 0.173181 
544 1134 649 1204 1 0.173172 
907 1312 964 1360 1 0.173138 
599 1029 718 1100 1 0.172811 
523 1027 567 1058 1 0.172802 
954 1472 1012 1524 1 0.172688 
1007 1494 1024 1536 1 0.172657 
582 1116 649 1172 1 0.172414 
992 1400 1024 1459 1 0.171988 
870 1471 939 1521 1 0.171840 
588 1169 700 1235 1 0.171831 
868 1494 944 1534 1 0.171169 
570 1061 687 1136 1 0.171040 
529 1193 639 1260 1 0.170974 
512 1482 539 1535 1 0.170951 
608 1024 680 1039 1 0.170675 
996 1449 1024 1509 1 0.170624 
921 1331 981 1380 1 0.170557 
607 1024 675 1053 1 0.170409 
903 1452 964 1507 1 0.170115 
746 1110 812 1157 1 0.170031 
656 1027 734 1057 1 0.169994 
710 1402 773 1458 1 0.169955 
516 1358 540 1429 1 0.169678 
932 1474 996 1524 1 0.169527 
920 1449 979 1506 1 0.169083 
993 1257 1023 1320 1 0.168913 
804 1324 868 1372 1 0.168866 
512 1211 542 1278 1 0.168664 
515 1164 634 1254 1 0.168495 
993 1288 1023 1357 1 0.168430 
545 1097 646 1177 1 0.168388 
741 1373 805 1432 1 0.168232 
575 1025 669 1088 1 0.168048 
597 1200 700 1267 1 0.167853 
888 1471 955 1521 1 0.167739 
1335 1308 1335 1377 1 0.216010 
1024 1193 1070 1256 1 0.198978 
1080 1200 1138 1249 1 0.198446 
1204 1495 1291 1535 1 0.196652 
1024 1319 1069 1381 1 0.190745 
1024 1366 1049 1443 1 0.190178 
1498 1025 1533 1069 1 0.185633 
1225 1342 1279 1397 1 0.184810 
1066 1198 1121 1250 1 0.184463 
1230 1368 1283 1424 1 0.184317 
1244 1325 1299 1381 1 0.183817 
1078 1188 1382 1445 1 0.182598 
1416 1502 1494 1536 1 0.182099 
1065 1185 1122 1236 1 0.181998 
1024 1484 1071 1530 1 0.181991 
1522 1028 1536 1091 1 0.180507 
1024 1175 1071 1236 1 0.180504 
1206 1472 1278 1523 1 0.180018 
1214 1328 1268 1377 1 0.179841 
1466 1024 1532 1066 1 0.178769 
1253 1294 1303 1349 1 0.178575 
1051 1183 1107 1235 1 0.178455 
1433 1502 1519 1536 1 0.178079 
1243 1341 1302 1396 1 0.177361 
1024 1400 1051 1470 1 0.177115 
1070 1254 1111 1314 1 0.176773 
1078 1184 1139 1233 1 0.176445 
1522 1039 1536 1116 1 0.176443 
1024 1217 1038 1299 1 0.176161 
1026 1336 1070 1405 1 0.176008 
1257 1433 1313 1490 1 0.175591 
1026 1358 1068 1428 1 0.175055 
1455 1499 1531 1535 1 0.175017 
1087 1228 1138 1282 1 0.174209 
1485 1191 1534 1261 1 0.173667 
1197 1291 1250 1348 1 0.172742 
1024 1160 1068 1219 1 0.172727 
1071 1153 1132 1202 1 0.172723 
1024 1269 1047 1339 1 0.172576 
1340 1502 1426 1535 1 0.172197 
1227 1329 1280 1381 1 0.172163 
1027 1422 1051 1495 1 0.171795 
1449 1024 1525 1047 1 0.171768 
1074 1138 1131 1185 1 0.171351 
1024 1373 1067 1447 1 0.171308 
1129 1124 1186 1170 1 0.171167 
1117 1142 1175 1184 1 0.170963 
1035 1171 1092 1220 1 0.170814 
1462 1228 1527 1285 1 0.170787 
1067 1117 1126 1169 1 0.170566 
1196 1453 1261 1509 1 0.170207 
1128 1104 1185 1155 1 0.169919 
1367 1034 1423 1075 1 0.169593 
1050 1309 1105 1365 1 0.169590 
1053 1321 1108 1377 1 0.169495 
1025 1339 1051 1418 1 0.169405 
1214 1352 1269 1407 1 0.169363 
1246 1356 1301 1410 1 0.169156 
1251 1277 1303 1331 1 0.168841 
1286 1031 1356 1055 1 0.168674 
1447 1124 1501 1179 1 0.168244 
1047 1291 1106 1343 1 0.167776 
1500 1127 1536 1202 1 0.167416 
1433 1192 1498 1248 1 0.166801 
1024 1454 1086 1530 1 0.166595 
1198 1326 1255 1377 1 0.166352 
1120 1494 1208 1531 1 0.166137 
1211 1437 1269 1502 1 0.165947 
1447 1230 1512 1281 1 0.165939 
1068 1170 1125 1219 1 0.165938 
1504 1162 1534 1223 1 0.165912 
1024 1289 1049 1356 1 0.165867 
1102 1185 1159 1231 1 0.165846 
1198 1309 1252 1363 1 0.165557 
1083 1252 1127 1305 1 0.165391 
1130 1067 1185 1125 1 0.165146 
1197 1439 1255 1499 1 0.165103 
1114 1106 1170 1155 1 0.165084 
1243 1245 1303 1300 1 0.164967 
1491 1046 1536 1114 1 0.164889 
1109 1206 1158 1254 1 0.164832 
1377 1187 1428 1237 1 0.164802 
1067 1454 1207 1531 1 0.164770 
1054 1156 1109 1203 1 0.164724 
1258 1246 1318 1298 1 0.164333 
1074 1227 1125 1281 1 0.164228 
1024 1464 1139 1534 1 0.164111 
1130 1082 1186 1138 1 0.163830 
1055 1137 1108 1184 1 0.163712 
1112 1153 1171 1199 1 0.163699 
1068 1103 1123 1156 1 0.163369 
1248 1310 1302 1365 1 0.163132 
1464 1213 1529 1270 1 0.163120 
1503 1187 1519 1241 1 0.163023 
1485 1024 1536 1050 1 0.162993 
1084 1489 1167 1530 1 0.162876 
1242 1370 1299 1425 1 0.162779 
1037 1335 1091 1399 1 0.162671 
1036 1308 1089 1365 1 0.162667 
1052 1336 1109 1395 1 0.162476 
1820 1278 1820 1348 1 0.213556 
1664 1038 1771 1113 1 0.192858 
1632 1504 1720 1534 1 0.190360 
1780 1024 1849 1067 1 0.189345 
1722 1025 1786 1065 1 0.189105 
1925 1030 2004 1071 1 0.188628 
1702 1498 1783 1535 1 0.187993 
2005 1488 2043 1505 1 0.187516 
1745 1501 1829 1535 1 0.186403 
2002 1157 2045 1224 1 0.185852 
1617 1507 1700 1536 1 0.183460 
2033 1168 2048 1242 1 0.182986 
1684 1496 1762 1533 1 0.182945 
1536 1362 1571 1443 1 0.181835 
2035 1366 2047 1442 1 0.181711 
1759 1040 1852 1116 1 0.179681 
1720 1040 1781 1093 1 0.179385 
1758 1024 1898 1059 1 0.179295 
1549 1038 1570 1116 1 0.177427 
1643 1430 1707 1488 1 0.176526 
1799 1029 1859 1085 1 0.176482 
2036 1378 2048 1468 1 0.176113 
2016 1147 2048 1210 1 0.175965 
1536 1135 1586 1195 1 0.175600 
1767 1211 1829 1271 1 0.175229 
1671 1254 1739 1312 1 0.175213 
1545 1033 1593 1080 1 0.174758 
1760 1024 1826 1055 1 0.174564 
1862 1230 1923 1287 1 0.174095 
2034 1135 2047 1214 1 0.173830 
1810 1024 1881 1049 1 0.173601 
1980 1151 2043 1213 1 0.173062 
1960 1029 2032 1066 1 0.171952 
1765 1077 1831 1131 1 0.171579 
1784 1056 1846 1116 1 0.170900 
1551 1354 1580 1441 1 0.170795 
2007 1191 2048 1260 1 0.170364 
1794 1341 1839 1393 1 0.170138 
1828 1079 1888 1134 1 0.170128 
2006 1132 2048 1202 1 0.170088 
2015 1176 2048 1238 1 0.170051 
2006 1336 2046 1399 1 0.169807 
1655 1024 1736 1049 1 0.169730 
1536 1251 1577 1317 1 0.169440 
1961 1337 2013 1378 1 0.169106 
1877 1024 1960 1051 1 0.168744 
1735 1039 1829 1112 1 0.168236 
1856 1024 1931 1051 1 0.167931 
1982 1493 2044 1536 1 0.167686 
1713 1033 1839 1133 1 0.167441 
1536 1097 1575 1169 1 0.167284 
1796 1221 1862 1283 1 0.167051 
1745 1443 1797 1500 1 0.167009 
1761 1024 1830 1040 1 0.166834 
1724 1052 1782 1108 1 0.166802 
1736 1053 1797 1110 1 0.166520 
1909 1028 1986 1068 1 0.166488 
1798 1053 1859 1114 1 0.166258 
1682 1024 1761 1047 1 0.165462 
1719 1024 1848 1064 1 0.165220 
1802 1025 1868 1068 1 0.165148 
1763 1058 1853 1134 1 0.164584 
2011 1111 2048 1184 1 0.163947 
1810 1074 1874 1135 1 0.163845 
1683 1029 1748 1057 1 0.163485 
1672 1024 1742 1066 1 0.163041 
1756 1064 1817 1124 1 0.162574 
1738 1471 1806 1528 1 0.162477 
1992 1045 2045 1099 1 0.162328 
1840 1024 1857 1052 1 0.162245 
2015 1169 2032 1224 1 0.162150 
2008 1045 2048 1119 1 0.161860 
1738 1453 1799 1513 1 0.161828 
1833 1098 1891 1154 1 0.161747 
1536 1267 1577 1338 1 0.161720 
1884 1068 1939 1125 1 0.161602 
1815 1239 1878 1295 1 0.161478 
1877 1243 1940 1296 1 0.161274 
1579 1024 1653 1048 1 0.161137 
1622 1151 1682 1206 1 0.161000 
1705 1065 1767 1119 1 0.160643 
1549 1028 1613 1054 1 0.160564 
1884 1087 1942 1141 1 0.160558 
1867 1263 1927 1317 1 0.160509 
1536 1225 1577 1301 1 0.160391 
1872 1076 1888 1128 1 0.160303 
1882 1052 1938 1103 1 0.160293 
1983 1217 2045 1274 1 0.160165 
1536 1115 1579 1182 1 0.159928 
1973 1426 2017 1497 1 0.159794 
1628 1383 1670 1434 1 0.159572 
1895 1278 1955 1330 1 0.159335 
1795 1024 1864 1053 1 0.159117 
1984 1232 2045 1288 1 0.159006 
1723 1500 1798 1536 1 0.158981 
1843 1278 1900 1336 1 0.158917 
1655 1421 1714 1477 1 0.158699 
1536 1490 1607 1532 1 0.158660 
1783 1202 1846 1261 1 0.158205 
1659 1249 1729 1304 1 0.158204 
202 1901 284 1971 1 0.270743 
250 1757 251 1823 1 0.262966 
204 1846 278 1916 1 0.220185 
304 1900 376 1952 1 0.220108 
0 1536 74 1640 1 0.213803 
0 1745 15 1808 1 0.213180 
330 2002 404 2046 1 0.206317 
242 1983 302 2043 1 0.203315 
249 1785 314 1844 1 0.202607 
21 1740 90 1794 1 0.202051 
302 1830 385 1903 1 0.200755 
40 1609 107 1669 1 0.199299 
362 1688 418 1741 1 0.198084 
1 1945 40 2011 1 0.194658 
225 1903 291 1961 1 0.193154 
275 1895 339 1953 1 0.191559 
2 1579 106 1673 1 0.191044 
31 1605 48 1651 1 0.190183 
279 1971 342 2028 1 0.188934 
0 1637 48 1700 1 0.187955 
0 1565 46 1626 1 0.187047 
48 1620 64 1667 1 0.186849 
0 1598 49 1658 1 0.186570 
348 1919 404 1971 1 0.186295 
0 1770 47 1830 1 0.186212 
0 1585 15 1646 1 0.186149 
234 2007 298 2045 1 0.185703 
434 1968 488 2016 1 0.185245 
286 1889 378 1957 1 0.184994 
199 1878 264 1934 1 0.184418 
225 1880 288 1939 1 0.184222 
53 1805 114 1859 1 0.184130 
347 1692 405 1741 1 0.183631 
41 1585 98 1640 1 0.182096 
498 1541 512 1606 1 0.181981 
7 1613 72 1669 1 0.181979 
0 1536 66 1552 1 0.181753 
10 1725 84 1788 1 0.181092 
284 1994 349 2048 1 0.180790 
238 1622 372 1689 1 0.180730 
0 1555 15 1613 1 0.180428 
0 1761 15 1828 1 0.180079 
302 1996 381 2045 1 0.179934 
403 1538 471 1582 1 0.179898 
467 1606 509 1679 1 0.179757 
339 1841 402 1908 1 0.179650 
415 1967 470 2014 1 0.179282 
235 1950 295 2007 1 0.178913 
0 1790 31 1851 1 0.178712 
229 1841 288 1903 1 0.178657 
0 1620 47 1682 1 0.178446 
265 1890 353 1961 1 0.178378 
0 1669 48 1730 1 0.178063 
185 1764 242 1823 1 0.177981 
13 1674 71 1732 1 0.177938 
242 1764 359 1847 1 0.177881 
362 1656 417 1718 1 0.177818 
194 1728 299 1838 1 0.177812 
0 1755 52 1814 1 0.177800 
0 1562 75 1676 1 0.177671 
189 1705 243 1765 1 0.177650 
20 1539 85 1585 1 0.177639 
335 1867 432 1938 1 0.177628 
478 1913 510 1974 1 0.177531 
27 1768 85 1825 1 0.177530 
0 1580 50 1640 1 0.177422 
349 2012 493 2048 1 0.177305 
422 1537 489 1582 1 0.177236 
468 1541 510 1585 1 0.177155 
345 1903 403 1954 1 0.176950 
198 2007 273 2048 1 0.176502 
287 1811 302 1862 1 0.176487 
233 1824 291 1880 1 0.176478 
27 1691 85 1744 1 0.176100 
293 1915 355 1970 1 0.175987 
189 1687 244 1749 1 0.175928 
326 1904 388 1954 1 0.175887 
56 1786 114 1842 1 0.175634 
7 1599 72 1655 1 0.175454 
5 1740 61 1797 1 0.175365 
287 2002 428 2047 1 0.175346 
441 1714 490 1763 1 0.175095 
10 1544 69 1600 1 0.175091 
0 1536 103 1573 1 0.174793 
47 1636 64 1685 1 0.174750 
340 1969 402 2022 1 0.174698 
418 1547 483 1600 1 0.174572 
226 1536 390 1571 1 0.174305 
223 1854 287 1920 1 0.174281 
0 1633 15 1700 1 0.174274 
328 1919 387 1969 1 0.174038 
192 1853 257 1913 1 0.173990 
0 1708 49 1769 1 0.173829 
312 2009 371 2048 1 0.173697 
281 1779 344 1834 1 0.173582 
266 1867 332 1925 1 0.173516 
36 1612 139 1676 1 0.173230 
13 1712 72 1767 1 0.173226 
7 1677 81 1752 1 0.173197 
12 1595 89 1664 1 0.173183 
881 1928 970 2006 1 0.320852 
878 1847 964 1912 1 0.243792 
599 1957 664 2021 1 0.205464 
706 1536 852 1585 1 0.198419 
930 1961 994 2019 1 0.193784 
745 2011 893 2048 1 0.193147 
898 1995 963 2043 1 0.192088 
598 2009 732 2048 1 0.191028 
914 1848 983 1910 1 0.189886 
516 1943 541 2024 1 0.189305 
780 1905 849 1962 1 0.189229 
874 1992 938 2041 1 0.189224 
994 1767 1024 1827 1 0.187361 
803 1911 868 1968 1 0.187330 
515 1977 543 2047 1 0.187238 
976 1690 1021 1760 1 0.186880 
890 1860 954 1916 1 0.186714 
702 2012 853 2048 1 0.186408 
753 1553 817 1617 1 0.186160 
993 1804 1024 1863 1 0.185777 
954 2015 1010 2048 1 0.185581 
516 1569 667 1882 1 0.185345 
512 1845 536 1921 1 0.185287 
604 1829 708 1909 1 0.185076 
841 1965 930 2041 1 0.184210 
528 1602 547 1683 1 0.183355 
588 1948 695 2034 1 0.183143 
775 1554 829 1616 1 0.182537 
648 2012 781 2048 1 0.182355 
728 1945 792 1999 1 0.182318 
874 1938 939 2001 1 0.181583 
589 1951 654 2011 1 0.181563 
601 1820 664 1879 1 0.181303 
915 1995 985 2043 1 0.180794 
645 1856 706 1912 1 0.179957 
697 2009 777 2046 1 0.179844 
905 2012 962 2047 1 0.179789 
582 1791 655 1848 1 0.179625 
893 1915 1006 2020 1 0.179618 
543 2009 630 2044 1 0.179465 
711 1934 771 1989 1 0.179222 
535 1968 679 2036 1 0.179053 
749 1908 845 1976 1 0.178993 
796 1869 856 1922 1 0.178875 
579 2002 657 2043 1 0.178226 
614 1938 671 1999 1 0.178141 
618 2019 685 2048 1 0.178010 
914 1939 978 2005 1 0.177731 
610 1789 681 1850 1 0.177707 
599 2002 673 2041 1 0.177497 
528 2010 667 2048 1 0.177488 
957 1674 1011 1743 1 0.177267 
979 1670 1018 1746 1 0.177212 
637 2033 726 2047 1 0.177175 
924 2014 982 2048 1 0.176913 
945 1989 1010 2036 1 0.176625 
888 1932 951 1995 1 0.176348 
654 2015 745 2045 1 0.176256 
870 1669 929 1722 1 0.176218 
997 2001 1024 2048 1 0.176207 
557 1756 610 1812 1 0.176183 
725 1931 790 1987 1 0.175621 
726 1850 784 1902 1 0.175557 
614 1766 739 1864 1 0.175537 
990 1667 1021 1732 1 0.175435 
934 1997 1004 2043 1 0.175244 
927 1929 991 1989 1 0.175154 
520 1754 588 1915 1 0.175104 
522 1708 541 1790 1 0.175070 
993 1748 1024 1813 1 0.174919 
681 1915 813 1997 1 0.174843 
888 2009 1021 2047 1 0.174584 
520 1761 540 1841 1 0.174462 
513 1969 560 2038 1 0.174413 
936 1581 992 1634 1 0.174406 
877 1628 942 1675 1 0.174342 
587 1758 643 1813 1 0.174241 
526 2032 610 2048 1 0.174163 
520 1560 544 1645 1 0.173998 
783 2009 923 2047 1 0.173901 
921 1739 982 1802 1 0.173845 
891 1957 950 2016 1 0.173560 
795 1938 852 1995 1 0.173532 
643 1837 709 1898 1 0.173156 
520 1693 539 1775 1 0.173080 
544 1765 657 1864 1 0.173000 
923 1829 983 1881 1 0.172845 
905 1954 965 2016 1 0.172693 
794 1919 857 1976 1 0.172526 
524 1729 542 1811 1 0.172518 
512 1901 550 1972 1 0.172472 
954 1756 1007 1815 1 0.172425 
998 1787 1024 1846 1 0.172378 
569 1755 626 1813 1 0.172258 
941 1709 1002 1768 1 0.172162 
725 1902 852 1988 1 0.172040 
938 1806 993 1865 1 0.171934 
900 1966 1011 2033 1 0.171651 
911 1776 974 1911 1 0.171624 
972 1709 1022 1771 1 0.171553 
1364 1887 1428 1948 1 0.226566 
1510 2032 1536 2048 1 0.207197 
1490 1910 1534 1975 1 0.200750 
1488 1880 1530 1956 1 0.196509 
1070 1537 1167 1549 1 0.194453 
1356 1876 1417 1930 1 0.188820 
1343 1827 1343 1896 1 0.186989 
1384 1703 1443 1765 1 0.186182 
1487 1975 1536 2043 1 0.184799 
1153 2015 1240 2048 1 0.184576 
1433 2012 1513 2047 1 0.184134 
1337 1723 1406 1780 1 0.183120 
1453 2006 1536 2048 1 0.182887 
1254 2011 1328 2048 1 0.181971 
1367 1854 1424 1911 1 0.181336 
1127 2012 1204 2047 1 0.181141 
1343 1887 1411 1946 1 0.180766 
1367 1720 1430 1777 1 0.180607 
1308 1900 1370 1952 1 0.180333 
1364 1736 1427 1792 1 0.178290 
1463 1963 1536 2040 1 0.177887 
1317 2007 1397 2046 1 0.177187 
1368 1898 1424 1962 1 0.176637 
1371 1769 1426 1825 1 0.176424 
1328 1894 1392 1952 1 0.176273 
1373 1685 1431 1754 1 0.176181 
1152 1937 1208 1989 1 0.176008 
1355 1757 1508 1886 1 0.175553 
1237 2006 1305 2047 1 0.174540 
1384 1670 1438 1737 1 0.174234 
1355 1849 1427 1927 1 0.174192 
1361 1662 1458 1765 1 0.174056 
1109 2011 1186 2045 1 0.173659 
1369 1812 1428 1872 1 0.173126 
1380 1871 1437 1934 1 0.173043 
1386 1853 1437 1916 1 0.172970 
1321 1877 1420 1939 1 0.172862 
1226 1947 1280 2002 1 0.172577 
1304 1556 1357 1580 1 0.172520 
1324 1688 1388 1745 1 0.172412 
1240 1932 1298 1988 1 0.172157 
1520 1973 1536 2036 1 0.171808 
1273 2012 1349 2048 1 0.171615 
1350 2010 1510 2048 1 0.171034 
1224 1932 1281 1984 1 0.170931 
1024 1776 1064 1850 1 0.170741 
1054 1561 1072 1617 1 0.170529 
1368 1791 1424 1846 1 0.170350 
1410 1799 1506 1880 1 0.170105 
1364 1715 1470 1820 1 0.169918 
1352 1795 1428 1872 1 0.169910 
1411 1829 1507 1911 1 0.169324 
1290 2034 1391 2046 1 0.168042 
1306 1540 1379 1576 1 0.167951 
1349 1707 1414 1766 1 0.167790 
1243 1959 1299 2024 1 0.167589 
1031 1940 1063 2019 1 0.167548 
1365 1647 1427 1702 1 0.167434 
1365 1986 1425 2040 1 0.167408 
1493 1910 1535 2032 1 0.167013 
1413 1670 1536 2003 1 0.166875 
1289 1916 1353 1970 1 0.166499 
1241 1945 1296 2005 1 0.166426 
1227 2002 1287 2046 1 0.166394 
1400 1848 1514 1958 1 0.166199 
1309 1882 1370 1935 1 0.166187 
1377 1923 1460 2006 1 0.166147 
1339 1984 1397 2038 1 0.166064 
1273 1750 1327 1805 1 0.165952 
1368 1835 1427 1890 1 0.165823 
1328 1891 1344 1940 1 0.165650 
1299 1980 1369 2035 1 0.165134 
1298 1823 1347 1879 1 0.164973 
1375 1964 1469 2042 1 0.164903 
1495 1940 1536 2015 1 0.164903 
1361 1865 1463 1958 1 0.164867 
1114 1924 1159 1979 1 0.164762 
1388 1817 1456 1928 1 0.164631 
1136 1549 1211 1581 1 0.164592 
1495 1859 1536 2011 1 0.164387 
1027 1544 1074 1591 1 0.164373 
1024 1811 1062 1890 1 0.164175 
1308 1802 1364 1857 1 0.164135 
1370 1966 1423 2027 1 0.163820 
1520 1905 1536 1969 1 0.163820 
1332 1670 1401 1735 1 0.163814 
1520 2002 1536 2048 1 0.163721 
1500 1996 1536 2044 1 0.163698 
1103 1545 1176 1579 1 0.163682 
1348 1924 1430 2004 1 0.163637 
1231 2034 1312 2048 1 0.163550 
1027 1655 1070 1724 1 0.163546 
1029 1791 1087 1852 1 0.163482 
1371 1921 1423 1987 1 0.163466 
1202 1545 1272 1581 1 0.163397 
1504 1883 1534 1944 1 0.163389 
1391 1894 1450 1952 1 0.163071 
1320 2017 1382 2046 1 0.162933 
1319 1931 1406 2007 1 0.162746 
1281 1611 1327 1671 1 0.162649 
1841 1706 1885 1764 1 0.219578 
1813 1854 1887 1910 1 0.217717 
1791 1542 1880 1581 1 0.213315 
1867 1935 1921 1983 1 0.207516 
1714 1956 1795 2031 1 0.207157 
1537 2001 1609 2043 1 0.205409 
1843 1685 1887 1747 1 0.199981 
1827 1740 1872 1795 1 0.199838 
1631 1770 1748 1842 1 0.197336 
1998 1972 2046 2040 1 0.196134 
1855 1866 1920 1919 1 0.195997 
1799 1774 1855 1834 1 0.194341 
1536 1992 1568 2046 1 0.193894 
1840 1723 1886 1780 1 0.193525 
1536 1981 1586 2041 1 0.193467 
1536 1808 1677 1941 1 0.193462 
1985 1728 2036 1781 1 0.192891 
1822 1758 1872 1812 1 0.192835 
1556 1983 1621 2040 1 0.191848 
1869 1661 1920 1714 1 0.190496 
1949 1791 1996 1848 1 0.189964 
1707 1760 1767 1812 1 0.189257 
1925 1836 1981 1888 1 0.188996 
1766 1818 1829 1873 1 0.188905 
1810 1780 1811 1855 1 0.188597 
1830 1877 1893 1932 1 0.188312 
1855 1858 1872 1906 1 0.187864 
1672 1649 1719 1711 1 0.187852 
1995 1998 2045 2048 1 0.187342 
1920 1657 1972 1716 1 0.187195 
1862 1917 1921 1964 1 0.187049 
1536 1911 1582 1975 1 0.186781 
1848 1946 1902 2000 1 0.186703 
1850 1672 1895 1731 1 0.186575 
1717 1783 1835 1859 1 0.185418 
1951 1774 1998 1830 1 0.185054 
1543 1925 1606 1981 1 0.184688 
1574 1967 1634 2024 1 0.184315 
1979 1711 2036 1768 1 0.184258 
1947 1670 2003 1731 1 0.184009 
1536 1943 1585 2011 1 0.183438 
1548 2022 1580 2048 1 0.183357 
1851 2006 1914 2048 1 0.183194 
1574 1944 1635 2004 1 0.182856 
1855 1689 1896 1745 1 0.182773 
1802 1862 1878 1918 1 0.182549 
1843 1855 1895 1873 1 0.182526 
1756 1709 1854 1784 1 0.181741 
1802 1542 1939 1580 1 0.181419 
1860 1551 1925 1605 1 0.181378 
1560 1902 1619 1961 1 0.181350 
1768 1795 1831 1855 1 0.181239 
1747 1998 1810 2044 1 0.181208 
1964 1727 2018 1779 1 0.180857 
1827 1863 1895 1917 1 0.180844 
1861 1883 1923 1935 1 0.180700 
1896 1866 1953 1917 1 0.180579 
1791 1859 1809 1910 1 0.180072 
1722 1810 1784 1867 1 0.179811 
1755 1760 1813 1815 1 0.179811 
1687 2006 1747 2048 1 0.179641 
1538 1888 1578 1953 1 0.179580 
1831 1723 1874 1782 1 0.179572 
1915 1848 1972 1900 1 0.179483 
1538 1966 1605 2024 1 0.179465 
1723 1721 1782 1779 1 0.179451 
1536 1851 1633 1972 1 0.179130 
1536 1922 1551 1990 1 0.178946 
1726 1944 1807 2016 1 0.178110 
1773 1757 1893 1859 1 0.178088 
1851 1661 1901 1718 1 0.177981 
1787 1853 1855 1907 1 0.177954 
1934 1790 1985 1849 1 0.177801 
1820 1790 1874 1845 1 0.177509 
1916 1776 1969 1833 1 0.176954 
1850 1920 1909 1970 1 0.176937 
1586 1923 1647 1987 1 0.176684 
1822 1774 1873 1830 1 0.176620 
1536 1983 1551 2046 1 0.175812 
1774 1707 1840 1846 1 0.175759 
1669 1629 1726 1686 1 0.175664 
1740 1722 1796 1777 1 0.175559 
1887 1658 1937 1711 1 0.174623 
1853 1856 1919 1906 1 0.174214 
1739 1797 1849 1866 1 0.173588 
1859 1843 1921 1893 1 0.173342 
1901 1801 1959 1858 1 0.173277 
1965 1756 2014 1806 1 0.173265 
1927 1644 1987 1709 1 0.173205 
1830 1708 1874 1769 1 0.173198 
1956 1691 2018 1748 1 0.173113 
1859 1856 1914 1872 1 0.172539 
1863 1824 1922 1875 1 0.172500 
1755 1739 1807 1795 1 0.172268 
1696 1947 1761 2002 1 0.172255 
1867 1633 1920 1683 1 0.172128 
1834 1943 1891 2003 1 0.171764 
1864 1902 1923 1952 1 0.171643 
1771 2016 1832 2048 1 0.171524 
1797 1795 1856 1858 1 0.171411 
