0 497 27 511 1 0.211028 
33 252 81 311 1 0.200667 
467 259 510 320 1 0.192803 
79 407 125 471 1 0.188865 
71 392 123 453 1 0.188780 
0 213 21 297 1 0.182774 
116 411 163 477 1 0.181787 
435 6 504 43 1 0.181043 
1 189 14 288 1 0.180487 
36 211 95 270 1 0.180269 
10 280 63 346 1 0.179744 
29 229 82 291 1 0.176053 
33 267 81 328 1 0.175975 
90 394 141 457 1 0.175891 
2 196 49 266 1 0.175861 
430 158 487 209 1 0.175691 
419 144 476 160 1 0.175658 
4 226 43 306 1 0.174325 
98 411 140 476 1 0.174189 
0 272 40 351 1 0.173579 
136 222 188 282 1 0.173423 
455 256 503 315 1 0.172386 
428 148 491 193 1 0.172083 
0 135 35 204 1 0.171534 
3 209 45 285 1 0.170959 
108 295 161 359 1 0.170867 
0 115 36 184 1 0.170020 
262 226 313 285 1 0.169943 
27 195 81 250 1 0.169588 
7 388 62 456 1 0.169197 
316 304 357 376 1 0.168786 
437 425 487 492 1 0.168642 
384 127 440 180 1 0.168491 
95 379 143 443 1 0.168412 
298 475 369 512 1 0.167935 
263 197 312 255 1 0.167088 
14 212 71 273 1 0.166899 
436 475 497 511 1 0.166720 
183 176 229 227 1 0.166715 
67 0 141 14 1 0.166658 
28 422 82 485 1 0.166296 
439 407 486 477 1 0.166248 
31 283 81 344 1 0.165948 
368 144 421 200 1 0.165719 
498 358 512 412 1 0.165565 
404 148 461 198 1 0.165366 
498 259 512 323 1 0.165224 
1 399 15 483 1 0.165151 
495 470 512 512 1 0.164930 
277 194 329 254 1 0.164863 
35 123 88 177 1 0.164569 
37 5 99 30 1 0.164327 
437 260 485 323 1 0.163585 
63 423 113 488 1 0.163444 
1 97 38 169 1 0.163390 
411 157 472 210 1 0.163345 
13 473 72 511 1 0.163325 
14 120 63 179 1 0.163218 
0 197 24 277 1 0.163026 
8 312 58 376 1 0.162948 
454 5 512 47 1 0.162808 
47 404 99 466 1 0.162674 
173 125 231 177 1 0.162600 
82 173 128 229 1 0.162550 
0 150 21 229 1 0.162415 
29 177 81 233 1 0.162082 
0 0 50 50 1 0.161982 
98 300 149 361 1 0.161939 
0 0 272 437 1 0.161782 
0 334 42 410 1 0.161359 
60 381 111 439 1 0.161357 
434 368 488 426 1 0.161317 
257 251 312 318 1 0.161273 
362 474 433 511 1 0.161172 
0 451 15 512 1 0.161098 
6 344 96 473 1 0.160996 
48 423 98 485 1 0.160844 
434 388 486 454 1 0.160320 
163 2 240 39 1 0.160257 
48 2 116 27 1 0.159968 
287 258 287 331 1 0.159707 
140 1 226 37 1 0.159673 
63 406 115 466 1 0.159670 
377 498 481 512 1 0.159475 
417 262 465 322 1 0.159467 
0 2 126 42 1 0.159297 
386 158 440 215 1 0.159241 
228 473 308 512 1 0.159120 
498 375 512 430 1 0.159087 
58 214 109 277 1 0.158997 
347 498 442 512 1 0.158868 
294 299 338 370 1 0.158680 
0 244 21 323 1 0.158449 
140 233 195 297 1 0.158424 
0 68 23 152 1 0.157930 
46 249 94 313 1 0.157795 
78 427 124 491 1 0.157531 
454 498 512 512 1 0.157401 
12 11 144 141 1 0.157319 
422 12 485 44 1 0.157302 
784 193 847 287 1 0.358849 
771 229 771 293 1 0.298874 
708 443 770 504 1 0.210446 
750 204 850 272 1 0.208679 
783 224 840 289 1 0.197565 
748 235 851 304 1 0.196720 
536 283 607 335 1 0.191022 
942 377 991 440 1 0.190316 
598 247 651 309 1 0.189435 
910 417 972 472 1 0.187983 
604 25 642 81 1 0.187899 
770 417 879 507 1 0.187151 
940 177 1003 220 1 0.186099 
942 347 993 406 1 0.184852 
512 270 543 331 1 0.183658 
835 496 896 512 1 0.183398 
589 6 669 44 1 0.183184 
512 296 586 368 1 0.182917 
513 286 567 341 1 0.182837 
820 439 882 489 1 0.182481 
897 421 972 489 1 0.182045 
794 433 896 496 1 0.179878 
937 277 1001 325 1 0.177947 
551 275 616 330 1 0.177842 
865 497 933 512 1 0.177524 
981 496 1023 512 1 0.177237 
702 262 756 334 1 0.177040 
929 423 984 482 1 0.176878 
779 269 839 323 1 0.176674 
836 446 883 466 1 0.176612 
767 284 824 339 1 0.176339 
804 434 860 491 1 0.176127 
757 95 831 140 1 0.176086 
614 250 667 309 1 0.175702 
939 394 988 454 1 0.175321 
528 273 630 338 1 0.175282 
873 407 979 501 1 0.174850 
512 281 622 367 1 0.174728 
685 272 741 339 1 0.174519 
529 335 651 400 1 0.173441 
847 472 914 508 1 0.172843 
597 278 653 336 1 0.172613 
825 475 887 505 1 0.172279 
778 142 870 199 1 0.172241 
575 247 628 312 1 0.172136 
671 8 735 40 1 0.172014 
840 416 901 471 1 0.171959 
775 150 832 197 1 0.171826 
715 252 766 317 1 0.171681 
619 276 677 338 1 0.171289 
818 391 934 484 1 0.170985 
520 292 548 352 1 0.170945 
938 159 1003 203 1 0.170787 
546 0 620 15 1 0.170692 
512 286 539 305 1 0.170438 
770 462 818 481 1 0.170356 
959 346 1010 408 1 0.170288 
654 476 720 510 1 0.170058 
599 295 658 356 1 0.169853 
587 154 639 214 1 0.169639 
757 151 814 195 1 0.169465 
847 443 910 497 1 0.169447 
1010 153 1024 198 1 0.169431 
722 432 779 492 1 0.169396 
698 7 753 33 1 0.169241 
561 24 597 80 1 0.169236 
589 105 639 165 1 0.169190 
904 338 984 402 1 0.168265 
834 472 981 512 1 0.168112 
911 379 973 496 1 0.167859 
737 316 786 369 1 0.167751 
616 264 671 323 1 0.167644 
527 275 589 328 1 0.167554 
810 473 932 512 1 0.167196 
913 462 966 480 1 0.167033 
576 12 628 55 1 0.166991 
947 430 998 452 1 0.166752 
688 0 761 15 1 0.166703 
512 2 528 15 1 0.166450 
523 294 587 347 1 0.166091 
581 263 636 324 1 0.166087 
920 397 973 453 1 0.166018 
775 214 827 281 1 0.165995 
860 415 921 473 1 0.165994 
679 6 737 31 1 0.165972 
737 270 842 339 1 0.165865 
512 497 540 511 1 0.165731 
847 483 866 512 1 0.165579 
512 258 527 323 1 0.165514 
777 181 832 239 1 0.165385 
755 296 807 353 1 0.165148 
512 243 551 360 1 0.165115 
851 496 911 512 1 0.165093 
765 443 823 497 1 0.164980 
543 24 580 81 1 0.164765 
749 473 898 512 1 0.164755 
786 192 831 258 1 0.164603 
884 472 1004 512 1 0.164596 
812 414 929 508 1 0.164584 
591 33 620 88 1 0.164437 
1303 245 1303 318 1 0.270728 
1167 360 1237 419 1 0.218167 
1394 451 1459 503 1 0.217573 
1446 54 1515 115 1 0.207959 
1361 357 1421 418 1 0.207062 
1188 214 1256 275 1 0.206387 
1112 363 1168 415 1 0.205209 
1452 204 1519 258 1 0.202940 
1284 320 1350 375 1 0.202492 
1452 329 1509 380 1 0.201160 
1430 349 1491 397 1 0.199590 
1405 448 1499 506 1 0.198300 
1024 496 1053 512 1 0.198240 
1189 0 1255 14 1 0.195737 
1435 192 1496 246 1 0.194726 
1033 379 1088 445 1 0.194350 
1487 435 1536 497 1 0.193080 
1379 351 1440 408 1 0.192991 
1397 383 1461 432 1 0.192374 
1436 221 1494 273 1 0.192012 
1055 373 1072 423 1 0.191728 
1398 462 1475 509 1 0.191538 
1290 467 1350 510 1 0.190882 
1441 231 1503 284 1 0.190100 
1357 320 1412 374 1 0.189443 
1420 192 1479 245 1 0.189324 
1198 125 1251 177 1 0.188445 
1280 335 1340 398 1 0.188346 
1413 352 1476 399 1 0.188093 
1464 270 1523 321 1 0.187727 
1451 315 1506 367 1 0.186837 
1461 63 1511 81 1 0.186642 
1314 206 1376 256 1 0.186481 
1202 353 1269 413 1 0.186320 
1364 330 1422 387 1 0.185147 
1193 335 1256 395 1 0.185065 
1259 320 1362 420 1 0.185044 
1522 420 1536 481 1 0.184934 
1322 191 1380 247 1 0.184934 
1289 350 1350 416 1 0.184426 
1182 349 1260 420 1 0.184289 
1437 330 1493 383 1 0.183803 
1476 195 1535 252 1 0.183553 
1475 331 1525 386 1 0.183471 
1262 314 1319 373 1 0.183229 
1026 365 1078 430 1 0.183033 
1473 348 1525 400 1 0.182755 
1313 471 1385 510 1 0.182599 
1395 351 1459 402 1 0.182563 
1330 204 1393 253 1 0.182558 
1491 334 1529 352 1 0.182078 
1307 377 1362 434 1 0.181928 
1451 283 1511 336 1 0.181798 
1369 303 1426 361 1 0.181050 
1341 133 1401 174 1 0.180687 
1342 431 1397 487 1 0.180675 
1314 319 1380 376 1 0.180595 
1304 335 1420 442 1 0.179990 
1305 374 1420 479 1 0.179813 
1294 331 1361 390 1 0.179716 
1085 209 1193 273 1 0.179192 
1024 478 1051 496 1 0.179161 
1463 67 1521 121 1 0.178689 
1252 238 1310 256 1 0.178668 
1492 111 1533 128 1 0.178567 
1051 181 1246 455 1 0.178456 
1386 234 1467 307 1 0.178258 
1368 191 1428 243 1 0.178233 
1298 319 1350 337 1 0.178016 
1423 205 1476 258 1 0.177973 
1024 178 1536 356 1 0.177853 
1356 430 1411 485 1 0.177822 
1352 174 1408 226 1 0.177787 
1447 35 1508 90 1 0.177744 
1477 288 1525 306 1 0.177569 
1262 358 1316 421 1 0.177560 
1208 313 1270 373 1 0.177268 
1368 115 1431 163 1 0.177030 
1415 238 1524 310 1 0.176727 
1382 375 1443 427 1 0.176552 
1419 335 1475 388 1 0.176500 
1311 218 1371 265 1 0.176381 
1338 449 1397 503 1 0.176300 
1306 392 1364 443 1 0.176168 
1289 387 1347 443 1 0.176100 
1234 276 1294 401 1 0.175753 
1334 474 1402 509 1 0.175576 
1496 0 1536 127 1 0.175564 
1420 292 1508 367 1 0.175447 
1452 181 1510 234 1 0.175413 
1426 181 1514 247 1 0.175204 
1454 169 1525 269 1 0.175166 
1063 250 1128 303 1 0.174977 
1346 203 1409 252 1 0.174939 
1143 309 1201 361 1 0.174849 
1028 497 1094 511 1 0.174596 
1305 234 1370 276 1 0.174578 
1350 284 1522 415 1 0.174466 
1334 189 1396 243 1 0.174192 
1380 330 1440 388 1 0.174131 
1772 290 1849 381 1 0.450951 
1792 178 1873 243 1 0.389535 
1809 253 1880 332 1 0.312013 
1691 459 1849 511 1 0.297002 
1770 201 1770 265 1 0.276408 
1603 12 1671 67 1 0.243318 
1589 462 1636 481 1 0.235403 
1577 379 1659 444 1 0.233688 
1536 306 1551 367 1 0.229976 
1567 450 1640 504 1 0.227523 
1536 159 1559 179 1 0.227039 
1985 31 2048 89 1 0.226366 
1536 175 1559 195 1 0.216214 
2002 355 2048 425 1 0.214960 
1997 279 2048 348 1 0.213626 
1733 168 1790 230 1 0.212775 
1999 322 2048 393 1 0.211034 
1995 140 2045 203 1 0.210713 
1569 381 1632 434 1 0.209251 
1621 351 1664 370 1 0.199727 
1966 235 2020 292 1 0.195315 
1791 468 1859 510 1 0.194558 
1853 428 1906 491 1 0.194501 
1536 322 1552 384 1 0.194398 
1965 1 2039 41 1 0.193540 
1771 466 1848 508 1 0.193331 
1922 496 1990 512 1 0.192149 
1623 322 1680 377 1 0.191761 
1774 181 1839 246 1 0.191067 
1752 170 1808 234 1 0.190956 
1536 363 1574 507 1 0.189789 
1999 76 2047 146 1 0.189717 
1559 43 1619 99 1 0.189587 
1536 303 1561 323 1 0.189297 
1805 267 1866 326 1 0.188958 
1948 0 2021 39 1 0.188890 
1996 57 2048 121 1 0.188104 
1988 21 2031 54 1 0.188067 
1785 287 1844 343 1 0.187946 
1901 460 1966 510 1 0.187614 
1612 335 1668 392 1 0.187349 
1737 185 1792 244 1 0.187242 
1822 254 1879 308 1 0.187026 
1796 164 1862 218 1 0.186704 
1536 414 1578 482 1 0.186261 
1547 74 1652 138 1 0.185407 
1536 439 1581 498 1 0.185346 
1992 19 2045 75 1 0.185109 
1587 73 1651 131 1 0.185042 
1585 9 1686 76 1 0.184735 
1624 298 1684 354 1 0.184287 
1778 450 1845 503 1 0.184072 
1970 143 2048 206 1 0.183474 
2012 143 2047 203 1 0.183271 
1786 300 1841 357 1 0.183210 
2001 257 2047 402 1 0.183131 
1536 318 1562 338 1 0.183125 
1670 63 1719 81 1 0.182838 
2033 242 2048 309 1 0.182838 
1717 451 1785 497 1 0.182745 
1548 440 1655 504 1 0.182442 
1644 408 1702 463 1 0.182232 
1975 269 2043 383 1 0.182199 
1547 34 1608 89 1 0.181982 
2016 114 2033 163 1 0.181912 
1633 342 1698 401 1 0.181825 
2004 136 2048 286 1 0.181603 
1780 464 1830 480 1 0.181164 
1975 310 2045 430 1 0.180672 
1722 393 1776 448 1 0.180380 
1743 391 1805 512 1 0.180198 
1947 327 1999 385 1 0.180092 
1712 354 1780 493 1 0.180034 
1545 149 1579 222 1 0.178971 
1539 379 1585 437 1 0.178963 
1798 313 1851 368 1 0.178882 
1609 353 1724 450 1 0.178806 
1767 329 1825 385 1 0.178651 
1556 28 1666 123 1 0.178645 
2020 95 2048 112 1 0.178522 
1965 212 2018 271 1 0.178305 
1852 414 1907 469 1 0.178234 
1536 377 1610 493 1 0.178174 
1709 469 1782 508 1 0.178100 
2004 30 2042 84 1 0.177928 
1810 23 1877 131 1 0.177859 
1837 428 1895 490 1 0.177734 
1543 52 1658 110 1 0.177192 
1663 55 1731 113 1 0.177167 
1798 280 1857 337 1 0.177069 
1620 335 1668 353 1 0.177014 
1565 439 1625 495 1 0.176710 
1803 397 1860 452 1 0.176676 
2015 243 2032 297 1 0.176670 
1539 464 1664 510 1 0.176016 
1683 63 1737 81 1 0.175947 
1654 360 1714 419 1 0.175928 
1536 289 1552 350 1 0.175699 
1857 496 1926 512 1 0.175413 
2024 0 2048 16 1 0.175151 
201 899 268 974 1 0.339950 
209 695 304 760 1 0.262617 
378 684 458 751 1 0.250625 
317 969 379 1019 1 0.232849 
275 755 275 824 1 0.225822 
63 946 116 1006 1 0.222945 
200 551 283 617 1 0.212221 
136 622 199 674 1 0.203972 
426 572 485 624 1 0.203528 
189 801 243 858 1 0.201159 
421 767 470 786 1 0.199790 
76 782 134 830 1 0.197804 
192 988 258 1021 1 0.195780 
140 650 197 704 1 0.195499 
327 578 395 626 1 0.195130 
208 983 269 1018 1 0.194987 
129 684 178 739 1 0.194586 
138 683 194 734 1 0.194398 
4 605 40 698 1 0.193728 
418 974 469 993 1 0.192519 
127 651 182 707 1 0.192436 
414 761 466 818 1 0.192417 
295 979 354 1021 1 0.192348 
179 896 235 951 1 0.192283 
203 765 256 819 1 0.192167 
143 697 194 748 1 0.191620 
163 748 207 805 1 0.190352 
219 631 274 691 1 0.190260 
299 544 473 666 1 0.190224 
128 827 171 884 1 0.189064 
113 655 167 708 1 0.188916 
109 585 166 642 1 0.188675 
434 975 486 993 1 0.188598 
198 788 254 840 1 0.187882 
206 652 262 709 1 0.187486 
61 795 117 845 1 0.187271 
196 897 253 956 1 0.186819 
200 571 258 627 1 0.186385 
244 537 370 636 1 0.186175 
324 547 388 598 1 0.186077 
136 716 176 772 1 0.185775 
219 712 286 762 1 0.185037 
145 631 207 683 1 0.184701 
206 935 257 989 1 0.184641 
344 717 406 767 1 0.184591 
202 853 255 916 1 0.184547 
126 587 181 644 1 0.184405 
210 588 315 654 1 0.184212 
146 611 207 666 1 0.183689 
191 845 248 910 1 0.183465 
419 991 487 1022 1 0.183226 
342 528 397 579 1 0.182942 
0 779 26 847 1 0.182466 
332 701 389 752 1 0.182252 
287 618 345 672 1 0.182120 
183 619 238 676 1 0.181610 
215 523 277 581 1 0.181542 
35 942 88 1001 1 0.181305 
268 560 326 613 1 0.181205 
246 570 362 670 1 0.180927 
48 912 113 1011 1 0.180584 
0 1009 25 1024 1 0.180550 
235 614 288 676 1 0.180255 
296 553 404 617 1 0.180078 
161 632 220 686 1 0.179900 
229 766 279 785 1 0.179863 
436 767 485 786 1 0.179633 
28 763 81 820 1 0.179589 
147 623 197 641 1 0.179107 
206 753 258 803 1 0.179023 
316 589 379 641 1 0.178935 
192 588 251 642 1 0.178892 
192 664 209 707 1 0.178702 
178 917 235 973 1 0.178519 
210 634 259 693 1 0.178397 
187 601 242 657 1 0.178083 
390 588 451 636 1 0.177906 
384 679 447 731 1 0.177841 
107 764 154 819 1 0.177616 
95 620 153 672 1 0.177458 
42 829 100 880 1 0.177392 
275 512 345 555 1 0.177328 
144 859 193 916 1 0.177289 
452 591 500 643 1 0.177004 
263 573 320 633 1 0.176817 
313 615 371 665 1 0.176705 
176 871 231 928 1 0.176538 
129 879 172 933 1 0.176502 
28 784 84 838 1 0.176286 
374 584 475 652 1 0.176286 
430 735 480 789 1 0.176218 
115 670 166 726 1 0.176074 
129 845 172 901 1 0.176052 
315 537 400 602 1 0.175969 
270 531 364 597 1 0.175886 
13 798 71 853 1 0.175860 
115 591 166 609 1 0.175758 
236 587 294 647 1 0.175700 
333 686 389 738 1 0.175674 
430 590 485 639 1 0.175633 
765 733 765 801 1 0.278724 
866 636 933 696 1 0.235154 
533 668 597 726 1 0.229244 
925 800 1016 861 1 0.228169 
887 866 949 922 1 0.226508 
512 733 537 753 1 0.225300 
550 535 618 589 1 0.218958 
512 718 537 737 1 0.215672 
780 806 847 868 1 0.206815 
766 516 833 552 1 0.206235 
516 961 564 1014 1 0.203792 
628 512 702 560 1 0.200895 
577 538 641 590 1 0.200206 
582 1009 643 1024 1 0.199390 
885 855 942 910 1 0.193629 
731 791 797 841 1 0.191953 
583 551 643 600 1 0.190473 
932 589 992 640 1 0.190130 
842 918 891 982 1 0.189674 
719 759 792 839 1 0.188249 
564 516 631 561 1 0.187895 
573 512 699 556 1 0.186175 
599 541 660 591 1 0.186170 
842 700 901 749 1 0.186041 
890 826 944 885 1 0.186031 
940 907 993 958 1 0.185911 
899 852 956 910 1 0.185401 
859 630 917 684 1 0.185158 
932 789 998 841 1 0.185026 
884 629 945 681 1 0.184929 
716 512 776 543 1 0.184839 
942 521 1013 607 1 0.184733 
840 685 901 734 1 0.184422 
622 515 687 550 1 0.183768 
617 541 677 590 1 0.183476 
513 610 543 666 1 0.183269 
526 526 635 589 1 0.182889 
954 829 1008 884 1 0.182838 
1009 949 1024 1004 1 0.182240 
516 595 626 654 1 0.181507 
941 855 998 913 1 0.181460 
512 654 537 673 1 0.181457 
512 702 538 721 1 0.180765 
753 789 816 840 1 0.180597 
893 764 945 819 1 0.180405 
723 788 821 849 1 0.180370 
512 537 565 593 1 0.180211 
512 533 625 630 1 0.180081 
923 846 982 905 1 0.180060 
512 923 557 983 1 0.179921 
519 937 587 1019 1 0.179809 
958 852 1009 915 1 0.178618 
829 909 876 975 1 0.178591 
795 638 912 731 1 0.178561 
839 718 901 769 1 0.178292 
636 539 693 588 1 0.177605 
821 852 951 911 1 0.177540 
685 512 752 541 1 0.177480 
667 539 725 593 1 0.177399 
914 862 976 916 1 0.177395 
824 772 935 869 1 0.177275 
829 893 877 955 1 0.176807 
512 512 587 618 1 0.176743 
517 660 570 716 1 0.176500 
523 970 575 1018 1 0.176301 
1011 854 1024 914 1 0.176296 
894 922 950 982 1 0.176294 
682 512 833 548 1 0.176140 
963 640 1013 657 1 0.176124 
757 801 823 854 1 0.175929 
513 512 633 556 1 0.175848 
750 512 811 543 1 0.175528 
521 671 573 730 1 0.175520 
841 797 898 852 1 0.175296 
830 650 889 703 1 0.175114 
832 514 894 544 1 0.174891 
512 980 529 1017 1 0.174711 
633 555 694 599 1 0.174529 
828 797 938 895 1 0.174304 
685 524 743 576 1 0.174104 
880 851 1000 913 1 0.173814 
760 653 879 719 1 0.173800 
512 997 528 1024 1 0.173787 
856 698 917 750 1 0.173670 
907 761 965 817 1 0.173604 
512 707 527 769 1 0.173568 
906 624 969 676 1 0.173260 
779 512 846 542 1 0.173145 
845 825 902 882 1 0.173101 
878 813 948 891 1 0.173079 
897 639 961 689 1 0.173051 
841 782 899 837 1 0.172853 
734 751 839 821 1 0.172811 
920 512 991 538 1 0.172729 
664 512 730 542 1 0.172680 
856 512 926 541 1 0.172628 
832 829 943 930 1 0.172453 
827 799 883 851 1 0.172250 
926 580 983 631 1 0.172243 
794 515 859 552 1 0.172020 
1154 924 1296 1020 1 0.901471 
1144 518 1236 581 1 0.319033 
1245 701 1245 761 1 0.281289 
1024 831 1084 896 1 0.213847 
1042 555 1104 612 1 0.206569 
1040 624 1102 670 1 0.203058 
1024 622 1049 642 1 0.200767 
1024 542 1049 560 1 0.200358 
1024 557 1049 576 1 0.197499 
1024 573 1049 593 1 0.197246 
1361 522 1422 578 1 0.195200 
1032 552 1086 611 1 0.192352 
1458 723 1536 845 1 0.191498 
1024 637 1050 657 1 0.190938 
1452 512 1536 627 1 0.190204 
1093 570 1152 623 1 0.188027 
1476 671 1530 732 1 0.186947 
1053 558 1123 614 1 0.186787 
1155 933 1214 990 1 0.186761 
1075 638 1127 657 1 0.186676 
1477 863 1524 880 1 0.186148 
1066 982 1212 1024 1 0.185600 
1048 782 1161 853 1 0.184210 
1228 881 1294 1016 1 0.184168 
1024 1008 1050 1024 1 0.184149 
1035 541 1114 610 1 0.184088 
1256 586 1315 644 1 0.183334 
1199 829 1254 882 1 0.183051 
1228 1010 1314 1023 1 0.183000 
1071 749 1135 873 1 0.182900 
1309 515 1367 564 1 0.182161 
1352 518 1415 565 1 0.182093 
1337 512 1409 541 1 0.181052 
1405 854 1473 913 1 0.180838 
1033 615 1095 662 1 0.180385 
1260 548 1315 606 1 0.179438 
1054 623 1119 673 1 0.179040 
1060 633 1122 684 1 0.179027 
1068 959 1130 1014 1 0.178894 
1331 514 1394 546 1 0.177980 
1024 606 1049 626 1 0.177615 
1256 569 1318 626 1 0.176808 
1031 850 1089 906 1 0.176499 
1052 907 1107 966 1 0.176125 
1213 831 1265 883 1 0.176095 
1135 974 1275 1021 1 0.175581 
1032 807 1097 937 1 0.175486 
1024 513 1042 527 1 0.175423 
1024 560 1039 624 1 0.175412 
1142 519 1217 567 1 0.175270 
1468 649 1534 746 1 0.175153 
1034 618 1115 681 1 0.175098 
1124 912 1238 991 1 0.174917 
1248 868 1328 948 1 0.174620 
1277 550 1334 609 1 0.174593 
1079 657 1144 708 1 0.174558 
1105 512 1166 627 1 0.174507 
1299 512 1427 557 1 0.173981 
1295 549 1350 611 1 0.173837 
1412 845 1494 918 1 0.173785 
1519 984 1536 1024 1 0.173450 
1053 653 1115 703 1 0.173303 
1095 585 1153 637 1 0.173284 
1077 672 1147 723 1 0.173247 
1264 512 1404 552 1 0.172843 
1025 513 1041 573 1 0.172774 
1055 957 1113 1012 1 0.172706 
1026 779 1073 844 1 0.172544 
1077 622 1138 674 1 0.172268 
1064 537 1184 636 1 0.172266 
1458 885 1536 1011 1 0.172137 
1024 975 1048 994 1 0.172093 
1073 842 1197 913 1 0.172048 
1068 985 1138 1023 1 0.171853 
1024 570 1105 679 1 0.171822 
1277 569 1332 627 1 0.171819 
1039 512 1102 630 1 0.171709 
1308 545 1362 610 1 0.171678 
1296 513 1370 594 1 0.171584 
1024 512 1120 549 1 0.171564 
1390 828 1447 883 1 0.171427 
1254 600 1316 658 1 0.171321 
1024 921 1073 983 1 0.171288 
1160 811 1217 865 1 0.171237 
1034 841 1151 913 1 0.171136 
1202 1009 1276 1023 1 0.171065 
1024 944 1138 1013 1 0.171054 
1338 681 1400 740 1 0.170751 
1311 515 1329 561 1 0.170746 
1024 529 1064 646 1 0.170720 
1324 520 1375 551 1 0.170590 
1189 655 1257 701 1 0.170557 
1074 942 1204 1017 1 0.170544 
1299 533 1373 623 1 0.170471 
1460 698 1520 752 1 0.170450 
1107 570 1169 624 1 0.170364 
1288 729 1342 785 1 0.170213 
1163 993 1226 1024 1 0.170043 
1080 638 1142 689 1 0.169795 
1408 815 1501 891 1 0.169794 
1737 741 1818 838 1 0.640826 
1665 896 1735 978 1 0.279374 
1777 717 1777 783 1 0.273799 
1758 833 1835 914 1 0.231533 
1661 827 1725 897 1 0.217290 
1549 532 1607 593 1 0.203119 
1564 527 1618 584 1 0.201093 
1607 512 1865 659 1 0.199179 
1762 972 1840 1022 1 0.198817 
1645 527 1695 581 1 0.198147 
1754 617 1809 672 1 0.194902 
1951 726 1996 795 1 0.194890 
1693 636 1747 693 1 0.194807 
1669 911 1718 927 1 0.194155 
1717 951 1788 1010 1 0.193453 
1824 700 1883 757 1 0.192109 
1805 717 1876 802 1 0.192058 
1770 620 1825 673 1 0.189407 
2034 543 2048 620 1 0.188961 
1968 789 2015 859 1 0.188597 
1808 973 1875 1024 1 0.188577 
1805 555 1859 611 1 0.188365 
1537 584 1657 658 1 0.187419 
1818 737 1874 801 1 0.187176 
2015 676 2031 728 1 0.186736 
1830 761 1891 821 1 0.186543 
1699 514 1972 666 1 0.186403 
1607 787 1672 844 1 0.185805 
1688 904 1744 969 1 0.185613 
1825 717 1884 783 1 0.185609 
1578 527 1634 582 1 0.185070 
1613 826 1669 885 1 0.184169 
1758 517 1837 563 1 0.183456 
1769 948 1830 1000 1 0.183349 
1680 927 1738 944 1 0.183009 
1797 512 1869 538 1 0.182799 
1950 872 1992 936 1 0.182770 
1865 972 1925 1021 1 0.182756 
1653 570 1761 660 1 0.182371 
1779 976 1836 992 1 0.182350 
1766 552 1824 609 1 0.182314 
1594 517 1655 563 1 0.182159 
1539 593 1591 652 1 0.182130 
1769 512 1895 563 1 0.181978 
1540 651 1581 716 1 0.181775 
1655 514 1824 628 1 0.181704 
1773 604 1824 663 1 0.181631 
1783 839 1847 905 1 0.181281 
1577 812 1684 881 1 0.180693 
1546 601 1603 658 1 0.180626 
1628 536 1681 595 1 0.179550 
1568 891 1617 951 1 0.179525 
1804 515 1939 647 1 0.179462 
1707 570 1764 624 1 0.179301 
1536 1009 1565 1023 1 0.179276 
1837 668 1903 795 1 0.179122 
1807 947 1824 1002 1 0.179051 
1651 538 1775 637 1 0.178962 
1744 584 1797 643 1 0.178934 
1643 556 1700 613 1 0.178925 
1536 557 1562 577 1 0.178731 
1552 560 1676 633 1 0.178710 
1709 556 1765 611 1 0.178684 
1684 815 1740 879 1 0.178557 
1687 953 1756 1013 1 0.178259 
1949 823 1989 890 1 0.178121 
1671 796 1729 854 1 0.178064 
1543 659 1566 728 1 0.178057 
1803 836 1880 915 1 0.177795 
1657 782 1715 834 1 0.177657 
1969 721 2017 789 1 0.177599 
1559 693 1677 812 1 0.177512 
1722 521 1784 577 1 0.177313 
1733 745 1788 810 1 0.177000 
1818 762 1878 816 1 0.176891 
1556 808 1576 878 1 0.176777 
1575 514 1639 562 1 0.176695 
1684 512 1752 525 1 0.176689 
1738 847 1799 912 1 0.176683 
1793 690 1887 767 1 0.176535 
1679 836 1741 903 1 0.176352 
1655 600 1715 658 1 0.176200 
1967 772 2013 840 1 0.176022 
1725 550 1781 609 1 0.175991 
1542 567 1670 692 1 0.175980 
1621 732 1683 788 1 0.175914 
1536 862 1550 942 1 0.175564 
1564 551 1618 613 1 0.175123 
1607 728 1667 787 1 0.175045 
1677 634 1734 692 1 0.175018 
1741 619 1794 674 1 0.174897 
1956 954 2020 1014 1 0.174729 
1928 628 1985 694 1 0.174446 
1826 716 1901 809 1 0.174417 
1829 842 1888 905 1 0.174311 
1692 871 1751 928 1 0.174285 
1536 512 1608 623 1 0.174177 
1750 964 1817 1015 1 0.174110 
1546 786 1571 852 1 0.174052 
1901 523 1957 587 1 0.174001 
440 1352 510 1428 1 0.283446 
453 1359 501 1376 1 0.229143 
464 1229 508 1287 1 0.224319 
221 1364 281 1426 1 0.215927 
428 1105 488 1161 1 0.212370 
192 1416 250 1470 1 0.212254 
315 1109 392 1176 1 0.209699 
286 1284 286 1351 1 0.208805 
199 1425 257 1486 1 0.206277 
497 1154 512 1221 1 0.206251 
174 1365 227 1425 1 0.198907 
453 1386 510 1444 1 0.198610 
195 1502 272 1536 1 0.197620 
407 1128 463 1182 1 0.197262 
190 1360 244 1419 1 0.196484 
208 1520 277 1536 1 0.193790 
422 1483 489 1535 1 0.193450 
462 1248 509 1308 1 0.192665 
236 1342 288 1405 1 0.191976 
329 1213 383 1266 1 0.190474 
442 1258 496 1314 1 0.190119 
437 1486 488 1505 1 0.189718 
182 1420 241 1480 1 0.189110 
453 1344 501 1361 1 0.189090 
380 1288 437 1343 1 0.188851 
459 1474 509 1529 1 0.188664 
248 1119 308 1172 1 0.188527 
441 1024 500 1053 1 0.188028 
455 1349 507 1410 1 0.186703 
415 1116 471 1171 1 0.186428 
497 1411 512 1475 1 0.186194 
435 1245 488 1301 1 0.185958 
189 1347 243 1403 1 0.185473 
121 1292 174 1341 1 0.185290 
380 1207 439 1262 1 0.185191 
497 1397 512 1449 1 0.185159 
4 1415 60 1477 1 0.184737 
439 1476 502 1530 1 0.184173 
82 1207 148 1259 1 0.184144 
216 1190 275 1248 1 0.184087 
223 1346 275 1405 1 0.183974 
198 1446 255 1503 1 0.183524 
497 1348 512 1409 1 0.183356 
367 1247 421 1304 1 0.183201 
414 1246 466 1301 1 0.182835 
124 1208 180 1261 1 0.182383 
484 1375 512 1392 1 0.182087 
433 1268 484 1320 1 0.181810 
347 1226 401 1281 1 0.181712 
272 1261 317 1323 1 0.181696 
428 1047 480 1105 1 0.181220 
499 1315 512 1384 1 0.181032 
429 1024 492 1062 1 0.180725 
15 1507 81 1536 1 0.180716 
466 1375 508 1393 1 0.180702 
313 1221 368 1276 1 0.180575 
0 1370 46 1435 1 0.180547 
393 1309 450 1363 1 0.179858 
217 1293 273 1355 1 0.179841 
75 1287 153 1373 1 0.179724 
378 1082 484 1193 1 0.179722 
208 1363 266 1418 1 0.179659 
232 1179 292 1233 1 0.179255 
0 1407 26 1425 1 0.179164 
438 1208 505 1313 1 0.179162 
431 1458 488 1514 1 0.179039 
284 1147 340 1208 1 0.178959 
98 1078 143 1140 1 0.178891 
230 1374 275 1394 1 0.178506 
209 1267 274 1396 1 0.178458 
204 1194 258 1251 1 0.178343 
250 1107 356 1212 1 0.178272 
393 1263 451 1317 1 0.178181 
111 1151 164 1205 1 0.178122 
388 1063 472 1142 1 0.177994 
316 1147 377 1205 1 0.177931 
332 1125 405 1183 1 0.177676 
429 1066 481 1123 1 0.177472 
496 1382 512 1432 1 0.177401 
211 1136 276 1200 1 0.177324 
45 1125 116 1229 1 0.177091 
286 1163 342 1222 1 0.176898 
301 1124 362 1184 1 0.176656 
393 1129 450 1180 1 0.176629 
381 1043 483 1159 1 0.176627 
278 1121 340 1176 1 0.176281 
103 1210 163 1263 1 0.175829 
247 1357 298 1418 1 0.175773 
156 1339 250 1441 1 0.175610 
77 1079 123 1136 1 0.175474 
267 1143 323 1201 1 0.175397 
430 1132 485 1184 1 0.175256 
367 1197 421 1251 1 0.175225 
234 1190 291 1248 1 0.174902 
0 1347 15 1412 1 0.174855 
314 1460 371 1516 1 0.174748 
79 1055 124 1117 1 0.174685 
250 1142 308 1198 1 0.174660 
393 1339 451 1394 1 0.174647 
44 1165 120 1253 1 0.174631 
581 1341 657 1419 1 0.329052 
753 1230 754 1295 1 0.258023 
882 1417 956 1484 1 0.225395 
573 1275 634 1335 1 0.224822 
1011 1093 1024 1155 1 0.223148 
940 1239 995 1298 1 0.212306 
936 1460 1016 1531 1 0.211991 
887 1054 936 1074 1 0.203458 
608 1453 675 1505 1 0.201390 
878 1241 941 1298 1 0.201118 
798 1117 861 1169 1 0.198257 
871 1270 938 1321 1 0.196317 
597 1333 661 1384 1 0.194792 
512 1118 540 1137 1 0.194245 
790 1347 854 1403 1 0.193864 
889 1309 968 1360 1 0.192288 
1010 1030 1024 1085 1 0.192230 
881 1296 946 1345 1 0.192182 
865 1235 983 1294 1 0.192004 
943 1070 1000 1124 1 0.191989 
512 1103 538 1121 1 0.191188 
512 1355 551 1422 1 0.190725 
514 1427 628 1490 1 0.189589 
889 1391 949 1454 1 0.189232 
818 1118 885 1169 1 0.188880 
1011 1108 1024 1174 1 0.188706 
811 1312 874 1367 1 0.188560 
544 1213 644 1328 1 0.187789 
569 1062 627 1117 1 0.187446 
568 1341 620 1400 1 0.186915 
889 1353 946 1410 1 0.186892 
592 1215 658 1264 1 0.186697 
995 1487 1024 1504 1 0.186458 
980 1311 1018 1329 1 0.186175 
514 1024 575 1041 1 0.185543 
907 1453 963 1514 1 0.185296 
575 1451 639 1508 1 0.185169 
512 1027 529 1081 1 0.185058 
760 1352 827 1401 1 0.184689 
512 1471 553 1531 1 0.184532 
1009 1479 1024 1527 1 0.184427 
980 1520 1024 1536 1 0.183719 
774 1345 840 1399 1 0.183624 
842 1298 945 1360 1 0.183601 
881 1183 943 1303 1 0.182966 
970 1225 1018 1292 1 0.182840 
584 1270 656 1339 1 0.182759 
597 1053 659 1107 1 0.182398 
951 1214 1011 1279 1 0.181538 
870 1054 919 1074 1 0.180908 
931 1407 984 1425 1 0.180698 
523 1357 575 1416 1 0.180685 
732 1354 799 1408 1 0.180427 
512 1216 527 1291 1 0.180419 
636 1040 688 1094 1 0.180406 
818 1301 884 1356 1 0.180348 
948 1229 1008 1291 1 0.180102 
857 1353 916 1411 1 0.180097 
804 1330 879 1396 1 0.179881 
544 1024 612 1039 1 0.179822 
632 1274 693 1330 1 0.179801 
781 1118 846 1170 1 0.179726 
944 1094 1010 1183 1 0.179520 
584 1230 670 1302 1 0.179483 
770 1297 875 1364 1 0.179413 
1009 1461 1024 1519 1 0.179278 
904 1233 969 1288 1 0.179153 
856 1230 937 1297 1 0.179152 
512 1374 551 1439 1 0.179004 
956 1309 1014 1365 1 0.178694 
890 1373 946 1433 1 0.178654 
513 1410 553 1479 1 0.178513 
926 1473 982 1533 1 0.178487 
890 1277 959 1330 1 0.178175 
912 1467 966 1529 1 0.177826 
601 1348 662 1411 1 0.177604 
564 1349 626 1477 1 0.177599 
802 1357 853 1377 1 0.177448 
591 1346 655 1475 1 0.177304 
690 1024 761 1039 1 0.176948 
820 1119 870 1136 1 0.176926 
612 1329 674 1383 1 0.176852 
834 1272 948 1372 1 0.176827 
829 1468 884 1531 1 0.176775 
512 1461 589 1521 1 0.176621 
839 1085 902 1135 1 0.176402 
521 1082 581 1140 1 0.176245 
804 1350 868 1405 1 0.176126 
568 1382 625 1441 1 0.176074 
512 1205 547 1274 1 0.175966 
816 1264 877 1389 1 0.175791 
559 1164 615 1222 1 0.175638 
542 1383 591 1441 1 0.175581 
650 1367 707 1426 1 0.175550 
559 1401 612 1460 1 0.175482 
782 1327 844 1383 1 0.175442 
943 1500 997 1535 1 0.174982 
635 1131 691 1183 1 0.174922 
850 1266 952 1331 1 0.174880 
613 1050 674 1102 1 0.174788 
1086 1155 1160 1234 1 0.699872 
1163 1389 1245 1453 1 0.337965 
1069 1491 1144 1534 1 0.248558 
1312 1281 1312 1347 1 0.242905 
1071 1220 1137 1280 1 0.215536 
1490 1483 1535 1533 1 0.211280 
1457 1402 1509 1466 1 0.211001 
1473 1200 1531 1264 1 0.209334 
1131 1455 1193 1509 1 0.207058 
1476 1406 1522 1426 1 0.204482 
1090 1185 1153 1248 1 0.202189 
1039 1489 1108 1536 1 0.199750 
1115 1453 1176 1508 1 0.192966 
1024 1454 1048 1474 1 0.191954 
1026 1483 1082 1531 1 0.191620 
1458 1198 1519 1262 1 0.191401 
1095 1453 1161 1509 1 0.191055 
1521 1398 1536 1448 1 0.190335 
1024 1501 1050 1520 1 0.189469 
1108 1157 1168 1229 1 0.188703 
1063 1334 1169 1399 1 0.188279 
1024 1470 1049 1489 1 0.188075 
1070 1359 1178 1421 1 0.187034 
1074 1369 1144 1420 1 0.186166 
1196 1465 1253 1527 1 0.186088 
1056 1428 1169 1492 1 0.185569 
1489 1422 1531 1441 1 0.185367 
1074 1235 1138 1292 1 0.184658 
1522 1427 1536 1485 1 0.184360 
1522 1415 1536 1465 1 0.183861 
1077 1383 1143 1435 1 0.183447 
1464 1396 1517 1455 1 0.183364 
1024 1486 1049 1505 1 0.183164 
1053 1475 1122 1530 1 0.183092 
1048 1433 1111 1491 1 0.182624 
1063 1491 1193 1536 1 0.182567 
1024 1054 1069 1127 1 0.182566 
1051 1458 1113 1513 1 0.182553 
1483 1188 1531 1248 1 0.182189 
1178 1464 1234 1527 1 0.182132 
1024 1175 1071 1242 1 0.181663 
1075 1472 1145 1526 1 0.180728 
1044 1362 1166 1458 1 0.180323 
1500 1207 1533 1267 1 0.180189 
1108 1458 1228 1536 1 0.179935 
1051 1345 1168 1433 1 0.179622 
1477 1401 1525 1463 1 0.179593 
1025 1447 1076 1513 1 0.179481 
1213 1465 1275 1527 1 0.179277 
1430 1226 1494 1284 1 0.178884 
1055 1358 1123 1412 1 0.178680 
1105 1302 1165 1422 1 0.178673 
1493 1383 1536 1521 1 0.178642 
1070 1203 1129 1259 1 0.178609 
1520 1204 1536 1258 1 0.178599 
1027 1026 1151 1064 1 0.178561 
1519 1476 1536 1527 1 0.178174 
1024 1032 1069 1095 1 0.178080 
1335 1455 1392 1517 1 0.177578 
1493 1466 1533 1528 1 0.177385 
1454 1373 1508 1433 1 0.177188 
1241 1469 1300 1524 1 0.177076 
1071 1459 1193 1536 1 0.177074 
1024 1025 1041 1038 1 0.176979 
1338 1047 1528 1185 1 0.176762 
1143 1447 1203 1502 1 0.176759 
1132 1420 1187 1479 1 0.176480 
1423 1213 1483 1274 1 0.176378 
1039 1385 1119 1458 1 0.176372 
1509 1519 1536 1535 1 0.176259 
1414 1057 1523 1141 1 0.176177 
1119 1461 1136 1502 1 0.176131 
1153 1024 1224 1039 1 0.175950 
1509 1407 1536 1424 1 0.175807 
1134 1490 1268 1535 1 0.175797 
1494 1197 1536 1331 1 0.175717 
1037 1461 1147 1524 1 0.175606 
1139 1470 1189 1489 1 0.175487 
1116 1326 1170 1391 1 0.175447 
1272 1487 1334 1531 1 0.175420 
1032 1424 1142 1490 1 0.175420 
1449 1025 1536 1142 1 0.175079 
1087 1494 1244 1536 1 0.174773 
1063 1378 1151 1446 1 0.174660 
1118 1453 1204 1520 1 0.174630 
1137 1341 1192 1404 1 0.174598 
1509 1375 1536 1392 1 0.174352 
1412 1098 1504 1178 1 0.174275 
1140 1398 1199 1518 1 0.174030 
1091 1464 1157 1521 1 0.173915 
1131 1460 1268 1521 1 0.173586 
1094 1331 1227 1391 1 0.173554 
1075 1169 1127 1236 1 0.173493 
1199 1335 1260 1457 1 0.172841 
1071 1437 1135 1494 1 0.172712 
1506 1245 1536 1301 1 0.172465 
1491 1280 1531 1339 1 0.172383 
1024 1194 1069 1261 1 0.172325 
1104 1266 1166 1392 1 0.172194 
1167 1393 1231 1508 1 0.172194 
1644 1204 1719 1281 1 0.380486 
1666 1024 1738 1106 1 0.339621 
1806 1264 1806 1333 1 0.271389 
1629 1470 1719 1528 1 0.262867 
1816 1475 1878 1532 1 0.223230 
1667 1140 1737 1220 1 0.220834 
1629 1094 1689 1163 1 0.217684 
1784 1470 1848 1530 1 0.217064 
1967 1482 2040 1536 1 0.209330 
1995 1480 2046 1536 1 0.208168 
1789 1389 1856 1447 1 0.207339 
1813 1140 1875 1212 1 0.200152 
1659 1154 1722 1220 1 0.199959 
1788 1276 1852 1347 1 0.199247 
1879 1467 1931 1526 1 0.199216 
1671 1278 1734 1331 1 0.197396 
1674 1331 1725 1395 1 0.194409 
1830 1461 1886 1522 1 0.193820 
1676 1312 1728 1367 1 0.193451 
1790 1439 1845 1501 1 0.192731 
1659 1332 1712 1396 1 0.191332 
1626 1123 1684 1186 1 0.191115 
1829 1108 1883 1173 1 0.190857 
2020 1487 2048 1504 1 0.189750 
1571 1024 1635 1038 1 0.189292 
1807 1086 1865 1155 1 0.189186 
1864 1466 1919 1528 1 0.189156 
2021 1519 2048 1535 1 0.188021 
1611 1334 1667 1398 1 0.187708 
2036 1329 2048 1408 1 0.187702 
1737 1137 1808 1222 1 0.187441 
1675 1166 1728 1230 1 0.187003 
1536 1482 1567 1536 1 0.186662 
1819 1459 1875 1516 1 0.185984 
1791 1394 1809 1443 1 0.185826 
1944 1031 1996 1092 1 0.185805 
1614 1031 1704 1109 1 0.185347 
2004 1454 2045 1522 1 0.185022 
1807 1272 1867 1340 1 0.184837 
1777 1457 1833 1516 1 0.184819 
1822 1389 1888 1443 1 0.183901 
1686 1269 1743 1324 1 0.183523 
1566 1271 1612 1333 1 0.183407 
1988 1487 2035 1504 1 0.183164 
1697 1033 1755 1091 1 0.182980 
1871 1408 1921 1469 1 0.182751 
1806 1395 1871 1449 1 0.182715 
1536 1474 1552 1532 1 0.182368 
1842 1145 1899 1207 1 0.182362 
1871 1448 1920 1514 1 0.182194 
2002 1429 2044 1503 1 0.182104 
1748 1201 1864 1274 1 0.181929 
1542 1505 1573 1536 1 0.181835 
1776 1373 1885 1464 1 0.181778 
1787 1264 1847 1328 1 0.181509 
1680 1521 1758 1536 1 0.181033 
1565 1025 1672 1134 1 0.180962 
1835 1501 1892 1536 1 0.180792 
2003 1411 2044 1486 1 0.180733 
1728 1157 1789 1217 1 0.180702 
1565 1036 1682 1102 1 0.179944 
1682 1442 1796 1536 1 0.179883 
1686 1245 1791 1346 1 0.179859 
1775 1098 1832 1153 1 0.179155 
1805 1439 1856 1499 1 0.178489 
1811 1376 1876 1432 1 0.178455 
1739 1340 1807 1393 1 0.178186 
1556 1024 1617 1039 1 0.178128 
1808 1437 1915 1535 1 0.178112 
1662 1315 1715 1371 1 0.177285 
1780 1410 1890 1508 1 0.177215 
1666 1137 1721 1200 1 0.177123 
1624 1351 1737 1420 1 0.177100 
1907 1521 1973 1536 1 0.177000 
2033 1425 2047 1497 1 0.176759 
1668 1343 1715 1360 1 0.176677 
1832 1177 1887 1236 1 0.176614 
1802 1459 1857 1516 1 0.176586 
1852 1503 1909 1536 1 0.176278 
1903 1492 1957 1533 1 0.176223 
1754 1370 1817 1427 1 0.176176 
1795 1465 1871 1531 1 0.176113 
1797 1072 1847 1087 1 0.176107 
1947 1044 1993 1113 1 0.175904 
1617 1101 1672 1168 1 0.175697 
1661 1493 1818 1535 1 0.175671 
1807 1350 1900 1424 1 0.175644 
1807 1408 1825 1459 1 0.175629 
1762 1146 1823 1214 1 0.175594 
1643 1332 1699 1397 1 0.175591 
1951 1241 1990 1309 1 0.175458 
1827 1399 1891 1455 1 0.175356 
1769 1419 1860 1493 1 0.175309 
1750 1356 1817 1410 1 0.175269 
1569 1367 1611 1430 1 0.175227 
1628 1162 1693 1223 1 0.175214 
1698 1047 1758 1107 1 0.175184 
1953 1224 1991 1294 1 0.175157 
1545 1269 1595 1334 1 0.175109 
1776 1334 1886 1425 1 0.174971 
383 1537 470 1604 1 0.431135 
325 1889 393 1959 1 0.320078 
442 1592 507 1685 1 0.301208 
331 1737 402 1803 1 0.253223 
303 1542 374 1612 1 0.241722 
438 1954 507 2025 1 0.241206 
253 1756 254 1823 1 0.239885 
322 1787 384 1848 1 0.230344 
360 1644 431 1700 1 0.229446 
498 1539 512 1596 1 0.229174 
274 1701 325 1762 1 0.214729 
498 1792 512 1866 1 0.206714 
467 1567 506 1585 1 0.198240 
340 1706 406 1765 1 0.197962 
0 2034 27 2048 1 0.197949 
385 1635 446 1688 1 0.197665 
454 1604 503 1677 1 0.197370 
438 1716 504 1784 1 0.195731 
432 1829 495 1889 1 0.194076 
420 1544 482 1602 1 0.188802 
355 1704 421 1763 1 0.188711 
461 1932 510 1991 1 0.188463 
469 1903 511 1961 1 0.188455 
188 1537 255 1567 1 0.188198 
194 1536 255 1553 1 0.187010 
344 1692 405 1750 1 0.186929 
314 1650 377 1697 1 0.185796 
393 1536 459 1570 1 0.185701 
423 1536 489 1565 1 0.185586 
308 1548 364 1600 1 0.184513 
283 1646 339 1698 1 0.184248 
276 1792 358 1873 1 0.184168 
287 1814 337 1873 1 0.183211 
396 1985 448 2041 1 0.182096 
168 1536 307 1573 1 0.181621 
445 1801 504 1864 1 0.181369 
313 1635 377 1680 1 0.181296 
498 1670 512 1725 1 0.181002 
439 1808 508 1883 1 0.180960 
426 1846 489 1904 1 0.180889 
268 1539 328 1588 1 0.180693 
271 1653 323 1714 1 0.180341 
387 1536 448 1552 1 0.179794 
270 1680 321 1741 1 0.179736 
444 1536 504 1565 1 0.179437 
309 1787 369 1853 1 0.179123 
289 1749 340 1813 1 0.178834 
410 1754 471 1813 1 0.178488 
432 1727 491 1790 1 0.178260 
420 1867 483 1923 1 0.178242 
463 1536 482 1561 1 0.177265 
498 1828 512 1891 1 0.177173 
278 1980 344 2037 1 0.177021 
327 1811 384 1868 1 0.176844 
453 1830 509 1893 1 0.176670 
409 1981 467 2038 1 0.176410 
273 1737 324 1795 1 0.176353 
419 1536 512 1576 1 0.176310 
497 1556 512 1610 1 0.176258 
270 1967 329 2026 1 0.175982 
370 1791 422 1810 1 0.175880 
320 1558 382 1614 1 0.175395 
271 1549 326 1608 1 0.175216 
432 2020 449 2048 1 0.174992 
273 1769 319 1836 1 0.174758 
286 1677 339 1737 1 0.174722 
427 1772 486 1830 1 0.174488 
383 1579 439 1632 1 0.174335 
498 1700 512 1765 1 0.174212 
447 1696 500 1757 1 0.174008 
368 1806 422 1826 1 0.173837 
355 1906 416 1966 1 0.173615 
394 1613 449 1670 1 0.173558 
284 1705 339 1767 1 0.173547 
397 1882 457 1941 1 0.173491 
467 1583 505 1601 1 0.172981 
382 1554 446 1612 1 0.172794 
194 1560 244 1616 1 0.172552 
338 1904 400 1964 1 0.172320 
395 1724 458 1777 1 0.172143 
447 1572 501 1626 1 0.171877 
417 1736 476 1793 1 0.171649 
301 1708 356 1770 1 0.171387 
283 1633 342 1685 1 0.171313 
305 1543 368 1662 1 0.171304 
297 1645 355 1696 1 0.170985 
498 1685 512 1744 1 0.170947 
392 1692 453 1745 1 0.170926 
395 1785 454 1844 1 0.170894 
351 1726 415 1786 1 0.170577 
323 1744 384 1811 1 0.170553 
433 2004 512 2048 1 0.170540 
393 1543 450 1576 1 0.170403 
321 1544 379 1593 1 0.170362 
303 1662 354 1713 1 0.170006 
456 1588 506 1654 1 0.169974 
203 1563 285 1660 1 0.169854 
273 1750 323 1813 1 0.169645 
393 1770 453 1830 1 0.169539 
392 1821 454 1876 1 0.169486 
580 1960 649 2036 1 0.703613 
608 1886 680 1967 1 0.701965 
932 1880 1010 1953 1 0.519125 
920 1657 1014 1726 1 0.488512 
896 1951 966 2029 1 0.405632 
591 1571 666 1640 1 0.333239 
773 1768 773 1833 1 0.276018 
942 1770 1021 1826 1 0.262832 
926 1823 994 1873 1 0.225195 
1010 1636 1024 1696 1 0.214388 
896 1961 949 2021 1 0.206480 
657 1678 712 1697 1 0.198425 
921 1860 978 1915 1 0.197302 
1010 1620 1024 1681 1 0.195252 
928 1890 989 1954 1 0.194681 
912 1947 971 2008 1 0.194476 
975 1539 992 1585 1 0.194111 
998 1536 1024 1551 1 0.194071 
964 1889 1019 1948 1 0.193903 
591 1669 666 1736 1 0.193744 
941 1539 1002 1589 1 0.193501 
939 1783 1003 1835 1 0.193380 
900 1972 959 2032 1 0.193356 
616 1923 673 1977 1 0.192326 
621 1883 689 1946 1 0.189755 
568 1838 627 1892 1 0.189336 
1010 1540 1024 1598 1 0.189159 
909 1906 965 1969 1 0.187690 
907 1544 969 1605 1 0.187471 
565 1675 638 1745 1 0.187350 
974 1876 1021 1935 1 0.186831 
936 1646 997 1700 1 0.186542 
911 1889 973 1955 1 0.183654 
644 1678 694 1696 1 0.183564 
587 1781 647 1837 1 0.182913 
901 1819 962 1876 1 0.182573 
568 1715 686 1777 1 0.182458 
895 1993 956 2041 1 0.181992 
910 1996 971 2043 1 0.181631 
964 1536 1011 1552 1 0.181614 
893 1578 950 1637 1 0.181197 
908 1577 966 1636 1 0.181104 
947 1536 1000 1552 1 0.180847 
908 1594 964 1655 1 0.179608 
567 2000 635 2042 1 0.179193 
890 1607 946 1665 1 0.178785 
945 1811 1009 1864 1 0.178527 
879 1866 936 1919 1 0.177873 
929 1870 991 1928 1 0.177268 
954 1631 1013 1689 1 0.177250 
562 1652 638 1724 1 0.177043 
661 1663 712 1682 1 0.176951 
839 2005 899 2046 1 0.176813 
603 1663 669 1720 1 0.176772 
946 1671 1013 1730 1 0.176699 
878 1542 970 1616 1 0.176506 
904 1536 975 1565 1 0.176475 
579 1995 647 2039 1 0.176460 
589 1733 639 1798 1 0.176219 
847 1583 900 1638 1 0.176115 
563 1738 631 1811 1 0.176016 
626 1662 692 1715 1 0.175754 
840 1981 896 2035 1 0.175690 
562 1715 633 1788 1 0.175461 
934 1537 1007 1608 1 0.175453 
964 2033 1019 2048 1 0.175405 
680 1536 831 1575 1 0.175399 
560 1733 615 1800 1 0.175326 
606 1555 669 1611 1 0.175276 
940 1662 1004 1718 1 0.175173 
930 1998 980 2018 1 0.175147 
543 1753 601 1814 1 0.174890 
540 1930 596 1985 1 0.174453 
983 1712 1024 1843 1 0.174099 
928 1537 989 1570 1 0.174052 
889 1593 949 1652 1 0.174041 
552 1659 655 1759 1 0.173295 
578 1930 633 1991 1 0.172945 
864 1730 976 1837 1 0.172913 
527 2013 590 2048 1 0.172884 
902 1605 987 1680 1 0.172795 
553 1849 614 1907 1 0.172554 
902 1540 990 1617 1 0.172479 
687 1619 753 1753 1 0.172293 
612 1950 668 2008 1 0.172278 
646 1662 693 1681 1 0.172218 
607 1962 666 2022 1 0.172208 
547 1536 610 1550 1 0.172103 
878 1583 963 1661 1 0.172068 
659 1885 726 1942 1 0.171719 
512 1537 628 1576 1 0.171401 
587 1712 659 1785 1 0.171345 
840 1916 903 1971 1 0.171249 
875 1595 934 1653 1 0.171166 
947 1874 1006 1933 1 0.171061 
684 1792 758 1880 1 0.171041 
910 1645 974 1699 1 0.171021 
867 1903 990 1962 1 0.170759 
539 1915 596 1969 1 0.170745 
616 1653 677 1705 1 0.170592 
1052 1849 1137 1913 1 0.444256 
1068 1950 1153 2016 1 0.345066 
1151 1809 1224 1885 1 0.262128 
1150 1885 1218 1941 1 0.211477 
1111 1582 1181 1633 1 0.210288 
1094 1540 1154 1590 1 0.208006 
1484 1537 1536 1604 1 0.205212 
1093 1547 1167 1614 1 0.205121 
1495 1536 1533 1553 1 0.202000 
1091 1541 1146 1572 1 0.201365 
1215 1568 1282 1622 1 0.199444 
1025 1539 1041 1597 1 0.198562 
1073 1537 1152 1605 1 0.191846 
1203 1570 1267 1630 1 0.188536 
1169 1817 1231 1879 1 0.188432 
1131 1892 1197 1951 1 0.188430 
1274 1919 1331 1971 1 0.188051 
1106 1536 1163 1552 1 0.185706 
1090 1536 1144 1552 1 0.185423 
1166 1887 1233 1939 1 0.184402 
1149 1788 1205 1850 1 0.183485 
1065 1634 1128 1687 1 0.182815 
1034 1545 1146 1613 1 0.182349 
1101 1536 1161 1569 1 0.182085 
1437 1537 1496 1583 1 0.182067 
1521 1684 1536 1746 1 0.181045 
1402 1930 1462 1990 1 0.181027 
1459 1712 1509 1729 1 0.180282 
1087 1559 1147 1614 1 0.180280 
1113 1710 1174 1761 1 0.179299 
1148 2008 1211 2043 1 0.178668 
1139 1566 1201 1619 1 0.178630 
1190 1819 1250 1880 1 0.178234 
1114 1873 1173 1929 1 0.178173 
1119 1547 1183 1600 1 0.178087 
1105 1582 1208 1642 1 0.177996 
1133 1581 1197 1634 1 0.177904 
1418 1833 1515 1916 1 0.177838 
1097 1708 1157 1762 1 0.177670 
1144 1549 1210 1602 1 0.177516 
1245 1699 1301 1753 1 0.177226 
1483 1540 1532 1574 1 0.176076 
1162 1769 1221 1828 1 0.175905 
1181 2004 1243 2046 1 0.175755 
1264 1870 1317 1924 1 0.175726 
1122 1536 1185 1552 1 0.175453 
1097 1913 1157 1977 1 0.174857 
1475 1695 1523 1713 1 0.174680 
1159 1896 1228 1951 1 0.174617 
1143 1590 1202 1647 1 0.174616 
1176 1551 1239 1605 1 0.174222 
1435 1932 1497 1991 1 0.174185 
1419 1931 1480 1990 1 0.174152 
1475 1711 1525 1729 1 0.173402 
1236 1567 1283 1585 1 0.173252 
1414 1799 1512 1882 1 0.173174 
1115 1609 1172 1663 1 0.173083 
1175 1784 1233 1846 1 0.172921 
1113 1630 1169 1685 1 0.172685 
1251 1711 1306 1728 1 0.172684 
1097 2010 1168 2046 1 0.172394 
1142 1563 1535 1757 1 0.172151 
1038 1646 1142 1710 1 0.172091 
1111 1546 1251 1707 1 0.171972 
1493 1711 1531 1729 1 0.171950 
1140 1557 1259 1661 1 0.171941 
1032 1619 1137 1682 1 0.171516 
1096 1550 1228 1614 1 0.171235 
1050 1642 1113 1698 1 0.171097 
1343 1814 1394 1877 1 0.170710 
1177 1770 1235 1829 1 0.170597 
1418 1642 1474 1698 1 0.170427 
1521 1669 1536 1723 1 0.170424 
1322 1915 1379 1974 1 0.170332 
1174 1758 1229 1815 1 0.170193 
1202 1902 1256 1922 1 0.170098 
1182 1564 1244 1618 1 0.170064 
1115 1537 1184 1584 1 0.169711 
1451 1674 1506 1738 1 0.169385 
1216 1768 1270 1829 1 0.169359 
1096 1536 1235 1576 1 0.169272 
1166 1846 1223 1906 1 0.169225 
1151 1611 1202 1672 1 0.169000 
1492 1950 1530 1969 1 0.168859 
1137 1536 1261 1580 1 0.168736 
1261 1886 1315 1941 1 0.168664 
1202 1838 1257 1856 1 0.168649 
1522 1700 1536 1764 1 0.168500 
1208 1554 1270 1609 1 0.168430 
1170 1553 1231 1678 1 0.168362 
1143 1644 1250 1713 1 0.168253 
1419 1915 1481 1975 1 0.168203 
1136 1771 1212 1850 1 0.168176 
1338 2013 1410 2048 1 0.168174 
1487 1639 1536 1704 1 0.168134 
1420 1732 1505 1806 1 0.168112 
1462 1628 1529 1733 1 0.168067 
1270 1751 1271 1819 1 0.168023 
1094 1939 1155 1997 1 0.167988 
1457 1760 1528 1857 1 0.167979 
1754 1618 1863 1683 1 0.757677 
1769 1739 1769 1805 1 0.250025 
1724 1541 1783 1598 1 0.213714 
1810 1994 1878 2046 1 0.205216 
1960 1536 2024 1549 1 0.197087 
1942 1537 2007 1548 1 0.197068 
1706 1539 1764 1599 1 0.195487 
1784 1991 1852 2046 1 0.191731 
1635 1548 1699 1606 1 0.190141 
2033 2005 2048 2048 1 0.190063 
1771 1869 1817 1949 1 0.190038 
1752 1537 1812 1591 1 0.188175 
1790 1891 1844 1960 1 0.187404 
1653 1822 1703 1841 1 0.187094 
1778 1545 1837 1599 1 0.186233 
1724 2013 1793 2048 1 0.185679 
1757 1626 1829 1684 1 0.184966 
1770 1837 1834 1967 1 0.184252 
1621 1540 1686 1589 1 0.183669 
1754 1719 1809 1780 1 0.183318 
1719 1542 1833 1613 1 0.182564 
1736 1536 1797 1592 1 0.181915 
1810 1567 1862 1623 1 0.181536 
1769 1731 1838 1811 1 0.181315 
1723 1641 1851 1703 1 0.181261 
1786 1756 1839 1816 1 0.181077 
1758 2000 1825 2047 1 0.180429 
1622 1574 1702 1637 1 0.180237 
1762 1844 1888 1903 1 0.180146 
1536 1998 1560 2018 1 0.179748 
1770 1808 1827 1865 1 0.179623 
1839 1921 1857 1973 1 0.179377 
1760 1536 1777 1566 1 0.179332 
1816 1918 1920 2025 1 0.178947 
1778 1851 1829 1921 1 0.178933 
1772 1952 1829 2006 1 0.178428 
1537 1655 1579 1720 1 0.178337 
1751 1751 1803 1817 1 0.177793 
1763 1937 1850 2008 1 0.177659 
1792 1554 1810 1607 1 0.177224 
1689 1552 1747 1615 1 0.176954 
1964 1785 2005 1848 1 0.176452 
1725 1553 1779 1613 1 0.176242 
1768 1558 1824 1613 1 0.176149 
1570 1536 1633 1550 1 0.176112 
1868 1596 1920 1656 1 0.176037 
1833 1925 1892 1983 1 0.175992 
1846 1969 1905 2032 1 0.175962 
1804 1893 1860 1957 1 0.175918 
1628 1544 1688 1575 1 0.175913 
1797 1985 1864 2042 1 0.175757 
1886 1967 1931 2032 1 0.175492 
1770 1602 1830 1654 1 0.175453 
1853 1823 1905 1885 1 0.175192 
2036 1946 2047 2048 1 0.175183 
1833 1909 1895 1964 1 0.174884 
1782 1972 1845 2027 1 0.174854 
1805 1845 1887 1946 1 0.174845 
1574 1538 1684 1641 1 0.174816 
1779 1621 1848 1676 1 0.174813 
1977 1536 2046 1560 1 0.174634 
1758 1539 1776 1589 1 0.174628 
1723 1686 1844 1742 1 0.174564 
1755 1536 1814 1567 1 0.174491 
1729 1654 1779 1713 1 0.174193 
1616 1548 1678 1604 1 0.174019 
1792 1639 1810 1680 1 0.173973 
1536 1571 1581 1642 1 0.173809 
1687 1975 1808 2040 1 0.173720 
1812 1949 1872 2009 1 0.173643 
1800 1551 1857 1602 1 0.173576 
1806 1553 1868 1679 1 0.173397 
1671 1559 1730 1622 1 0.173394 
1728 1554 1745 1603 1 0.173381 
1815 1617 1876 1671 1 0.172886 
1670 1574 1731 1638 1 0.172822 
1588 1999 1636 2016 1 0.172815 
1952 1731 1992 1804 1 0.172810 
1798 1970 1862 2027 1 0.172707 
1814 1928 1875 1985 1 0.172648 
1706 2004 1850 2045 1 0.172480 
1751 1735 1811 1806 1 0.172440 
1689 1538 1753 1594 1 0.172290 
1910 2033 1968 2048 1 0.172044 
1827 1847 1909 1946 1 0.171991 
1852 1921 1910 1981 1 0.171884 
1986 2032 2048 2048 1 0.171834 
1836 1568 1889 1624 1 0.171711 
1650 1545 1714 1606 1 0.171476 
1825 1995 1895 2046 1 0.171447 
1536 1617 1551 1694 1 0.170925 
1806 1862 1876 1974 1 0.170877 
1812 1632 1873 1691 1 0.170778 
1588 1630 1635 1686 1 0.170737 
1796 1631 1859 1690 1 0.170558 
1660 2011 1732 2047 1 0.170535 
1734 2004 1807 2045 1 0.170405 
1743 1626 1809 1685 1 0.170389 
1585 1608 1635 1664 1 0.170374 
1691 1821 1747 1873 1 0.170192 
